46801.695	    61.9195
46802.664	    61.9195
46803.609	    63.4921
46804.547	    63.9659
46805.508	    62.4350
46806.469	    62.4350
46807.391	    65.0759
46808.305	    65.6455
46809.234	    64.5161
46810.180	    63.4921
46811.117	    63.9659
46812.023	    66.2252
46812.953	    64.5161
46813.883	    64.5161
46814.812	    64.5161
46815.727	    65.6455
46816.664	    63.9659
46817.633	    61.9195
46818.570	    63.9659
46819.469	    66.8151
46820.352	    67.9502
46821.250	    66.8151
46822.133	    67.9502
46823.023	    67.3401
46823.938	    65.6455
46824.859	    65.0759
46825.766	    66.2252
46826.695	    64.5161
46827.633	    63.9659
46828.555	    65.0759
46829.500	    63.4921
46830.445	    63.4921
46831.406	    62.4350
46832.352	    63.4921
46833.320	    61.9195
46834.281	    62.4350
46835.227	    63.4921
46836.141	    65.6455
46837.062	    65.0759
46838.000	    63.9659
46838.953	    62.9591
46839.852	    66.8151
46840.750	    66.8151
46841.672	    65.0759
46842.609	    63.9659
46843.523	    65.6455
46844.453	    64.5161
46845.414	    62.4350
46846.375	    62.4350
46847.320	    63.4921
46848.266	    63.4921
46849.211	    63.4921
46850.156	    63.4921
46851.078	    65.0759
46852.023	    63.4921
46852.984	    62.4350
46853.914	    64.5161
46854.836	    65.0759
46855.781	    63.4921
46856.734	    62.9591
46857.680	    63.4921
46858.586	    66.2252
46859.516	    64.5161
46860.438	    65.0759
46861.367	    64.5161
46862.289	    65.0759
46863.234	    63.4921
46864.172	    63.9659
46865.109	    63.9659
46866.031	    65.0759
46866.953	    65.0759
46867.883	    64.5161
46868.836	    62.9591
46869.781	    63.4921
46870.688	    66.2252
46871.594	    66.2252
46872.492	    66.8151
46873.391	    66.8151
46874.281	    67.3401
46875.203	    65.0759
46876.141	    63.9659
46877.102	    62.4350
46878.039	    63.9659
46878.914	    68.5714
46879.773	    69.8487
46880.617	    71.0900
46881.445	    72.4638
46882.320	    68.5714
46883.266	    63.4921
46884.266	    60.0000
46885.250	    60.9756
46886.281	    58.1959
46887.297	    59.0551
46888.258	    62.4350
46889.188	    64.5161
46890.148	    62.4350
46891.109	    62.4350
46892.062	    62.9591
46892.992	    64.5161
46893.938	    63.4921
46894.891	    62.9591
46895.844	    62.9591
46896.758	    65.6455
46897.711	    62.9591
46898.664	    62.9591
46899.586	    65.0759
46900.492	    66.2252
46901.422	    64.5161
46902.367	    63.4921
46903.312	    63.4921
46904.234	    65.0759
46905.117	    67.9502
46906.000	    67.9502
46906.922	    65.0759
46907.836	    65.6455
46908.750	    65.6455
46909.695	    63.4921
46910.664	    61.9195
46911.641	    61.4125
46912.570	    64.5161
46913.477	    66.2252
46914.414	    63.9659
46915.367	    62.9591
46916.297	    64.5161
46917.227	    64.5161
46918.164	    63.9659
46919.133	    61.9195
46920.047	    65.6455
46920.977	    64.5161
46921.914	    63.9659
46922.859	    63.4921
46923.789	    64.5161
46924.750	    62.4350
46925.711	    62.4350
46926.664	    62.9591
46927.586	    65.0759
46928.531	    63.4921
46929.484	    62.9591
46930.445	    62.4350
46931.383	    63.9659
46932.328	    63.4921
46933.250	    65.0759
46934.180	    64.5161
46935.086	    66.2252
46935.992	    66.2252
46936.922	    64.5161
46937.859	    63.9659
46938.781	    65.0759
46939.719	    63.9659
46940.688	    61.9195
46941.680	    60.4839
46942.633	    62.9591
46943.578	    63.4921
46944.531	    62.9591
46945.484	    62.9591
46946.422	    63.9659
46947.336	    65.6455
46948.273	    63.9659
46949.219	    63.4921
46950.133	    65.6455
46951.047	    65.6455
46951.977	    64.5161
46952.906	    64.5161
46953.828	    65.0759
46954.750	    65.0759
46955.680	    64.5161
46956.648	    61.9195
46957.586	    63.9659
46958.523	    63.9659
46959.469	    63.4921
46960.398	    64.5161
46961.305	    66.2252
46962.250	    63.4921
46963.180	    64.5161
46964.102	    65.0759
46965.000	    66.8151
46965.938	    63.9659
46966.875	    63.9659
46967.805	    64.5161
46968.727	    65.0759
46969.648	    65.0759
46970.602	    62.9591
46971.562	    62.4350
46972.492	    64.5161
46973.445	    62.9591
46974.398	    62.9591
46975.352	    62.9591
46976.281	    64.5161
46977.211	    64.5161
46978.148	    63.9659
46979.109	    62.4350
46980.039	    64.5161
46980.945	    66.2252
46981.867	    65.0759
46982.789	    65.0759
46983.703	    65.6455
46984.633	    64.5161
46985.578	    63.4921
46986.531	    62.9591
46987.461	    64.5161
46988.359	    66.8151
46989.297	    63.9659
46990.234	    63.9659
46991.172	    63.9659
46992.094	    65.0759
46993.039	    63.4921
46993.992	    62.9591
46994.938	    63.4921
46995.852	    65.6455
46996.766	    65.6455
46997.688	    65.0759
46998.602	    65.6455
46999.516	    65.6455
47000.414	    66.8151
47001.320	    66.2252
47002.273	    62.9591
47003.180	    66.2252
47004.086	    66.2252
47005.008	    65.0759
47005.945	    63.9659
47006.836	    67.3401
47007.750	    65.6455
47008.664	    65.6455
47009.602	    63.9659
47010.523	    65.0759
47011.445	    65.0759
47012.328	    67.9502
47013.234	    66.2252
47014.156	    65.0759
47015.078	    65.0759
47015.992	    65.6455
47016.945	    62.9591
47017.891	    63.4921
47018.820	    64.5161
47019.797	    61.4125
47020.773	    61.4125
47021.750	    61.4125
47022.680	    64.5161
47023.648	    61.9195
47024.609	    62.4350
47025.570	    62.4350
47026.492	    65.0759
47027.398	    66.2252
47028.336	    63.9659
47029.281	    63.4921
47030.219	    63.9659
47031.109	    67.3401
47032.039	    64.5161
47032.945	    66.2252
47033.867	    65.0759
47034.797	    64.5161
47035.711	    65.6455
47036.648	    63.9659
47037.609	    62.4350
47038.594	    60.9756
47039.570	    61.4125
47040.523	    62.9591
47041.492	    61.9195
47042.453	    62.4350
47043.375	    65.0759
47044.305	    64.5161
47045.250	    63.4921
47046.203	    62.9591
47047.109	    66.2252
47048.062	    62.9591
47049.016	    62.9591
47049.953	    63.9659
47050.875	    65.0759
47051.820	    63.4921
47052.773	    62.9591
47053.695	    65.0759
47054.625	    64.5161
47055.578	    62.9591
47056.508	    64.5161
47057.422	    65.6455
47058.375	    62.9591
47059.328	    62.9591
47060.281	    62.9591
47061.211	    64.5161
47062.164	    62.9591
47063.117	    62.9591
47064.055	    63.9659
47064.984	    64.5161
47065.922	    63.9659
47066.852	    64.5161
47067.766	    65.6455
47068.695	    64.5161
47069.633	    63.9659
47070.578	    63.4921
47071.508	    64.5161
47072.445	    63.9659
47073.391	    63.4921
47074.344	    62.9591
47075.258	    65.6455
47076.188	    64.5161
47077.125	    63.9659
47078.070	    63.4921
47078.984	    65.6455
47079.898	    65.6455
47080.820	    65.0759
47081.727	    66.2252
47082.633	    66.2252
47083.570	    63.9659
47084.516	    63.4921
47085.461	    63.4921
47086.383	    65.0759
47087.328	    63.4921
47088.289	    62.4350
47089.266	    61.4125
47090.188	    65.0759
47091.117	    64.5161
47092.062	    63.4921
47093.016	    62.9591
47093.938	    65.0759
47094.875	    63.9659
47095.805	    64.5161
47096.742	    63.9659
47097.688	    63.4921
47098.594	    66.2252
47099.531	    63.9659
47100.469	    63.9659
47101.391	    65.0759
47102.320	    64.5161
47103.266	    63.4921
47104.219	    62.9591
47105.156	    63.9659
47106.102	    63.4921
47107.016	    65.6455
47107.930	    65.6455
47108.797	    69.2042
47109.672	    68.5714
47110.570	    66.8151
47111.508	    63.9659
47112.461	    62.9591
47113.430	    61.9195
47114.406	    61.4125
47115.383	    61.4125
47116.344	    62.4350
47117.312	    61.9195
47118.305	    60.4839
47119.297	    60.4839
47120.227	    64.5161
47121.180	    62.9591
47122.141	    62.4350
47123.086	    63.4921
47124.000	    65.6455
47124.930	    64.5161
47125.875	    63.4921
47126.805	    64.5161
47127.711	    66.2252
47128.664	    62.9591
47129.625	    62.4350
47130.586	    62.4350
47131.500	    65.6455
47132.430	    64.5161
47133.367	    63.9659
47134.312	    63.4921
47135.227	    65.6455
47136.164	    63.9659
47137.102	    63.9659
47138.039	    63.9659
47138.961	    65.0759
47139.906	    63.4921
47140.859	    62.9591
47141.820	    62.4350
47142.750	    64.5161
47143.695	    63.4921
47144.648	    62.9591
47145.586	    63.9659
47146.523	    63.9659
47147.477	    62.9591
47148.430	    62.9591
47149.352	    65.0759
47150.305	    62.9591
47151.250	    63.4921
47152.164	    65.6455
47153.055	    67.3401
47153.953	    66.8151
47154.898	    63.4921
47155.875	    61.4125
47156.867	    60.4839
47157.812	    63.4921
47158.789	    61.4125
47159.789	    60.0000
47160.797	    59.5238
47161.750	    62.9591
47162.734	    60.9756
47163.719	    60.9756
47164.664	    63.4921
47165.594	    64.5161
47166.539	    63.4921
47167.484	    63.4921
47168.430	    63.4921
47169.352	    65.0759
47170.281	    64.5161
47171.250	    61.9195
47172.219	    61.9195
47173.164	    63.4921
47174.117	    62.9591
47175.078	    62.4350
47176.047	    61.9195
47176.984	    63.9659
47177.906	    65.0759
47178.867	    62.4350
47179.836	    61.9195
47180.805	    61.9195
47181.734	    64.5161
47182.688	    62.9591
47183.633	    63.4921
47184.594	    62.4350
47185.523	    64.5161
47186.453	    64.5161
47187.391	    63.9659
47188.320	    64.5161
47189.203	    67.9502
47190.078	    68.5714
47190.961	    67.9502
47191.883	    65.0759
47192.812	    64.5161
47193.773	    62.4350
47194.781	    59.5238
47195.773	    60.4839
47196.734	    62.4350
47197.703	    61.9195
47198.656	    62.9591
47199.602	    63.4921
47200.516	    65.6455
47201.461	    63.4921
47202.391	    64.5161
47203.336	    63.4921
47204.234	    66.8151
47205.172	    63.9659
47206.117	    63.4921
47207.047	    64.5161
47207.945	    66.8151
47208.828	    67.9502
47209.680	    70.4225
47210.477	    75.2823
47211.281	    74.5342
47212.070	    76.0456
47212.852	    76.8246
47213.625	    77.6197
47214.383	    79.1557
47215.133	    80.0000
47215.875	    80.8625
47216.625	    80.0000
47217.383	    79.1557
47218.125	    80.8625
47218.859	    81.7439
47219.602	    80.8625
47220.336	    81.7439
47221.062	    82.5310
47221.773	    84.3882
47222.492	    83.4492
47223.195	    85.3485
47223.891	    86.3309
47224.594	    85.3485
47225.305	    84.3882
47226.008	    85.3485
47226.719	    84.3882
47227.445	    82.5310
47228.188	    80.8625
47228.938	    80.0000
47229.711	    77.6197
47230.523	    73.8916
47231.375	    70.4225
47232.227	    70.4225
47233.078	    70.4225
47233.906	    72.4638
47234.734	    72.4638
47235.586	    70.4225
47236.461	    68.5714
47237.320	    69.8487
47238.211	    67.3401
47239.102	    67.3401
47240.023	    65.0759
47240.898	    68.5714
47241.766	    69.2042
47242.641	    68.5714
47243.492	    70.4225
47244.367	    68.5714
47245.258	    67.3401
47246.164	    66.2252
47247.086	    65.0759
47247.984	    66.8151
47248.867	    67.9502
47249.781	    65.6455
47250.711	    64.5161
47251.664	    62.9591
47252.586	    65.0759
47253.547	    62.4350
47254.539	    60.4839
47255.508	    61.9195
47256.453	    63.4921
47257.422	    61.9195
47258.383	    62.4350
47259.305	    65.0759
47260.242	    63.9659
47261.188	    63.4921
47262.125	    63.9659
47263.062	    63.9659
47263.961	    66.8151
47264.836	    68.5714
47265.703	    69.2042
47266.539	    71.7703
47267.359	    73.1707
47268.180	    73.1707
47268.977	    75.2823
47269.781	    74.5342
47270.539	    79.1557
47271.312	    77.6197
47272.070	    79.1557
47272.820	    80.0000
47273.539	    83.4492
47274.258	    83.4492
47275.000	    80.8625
47275.719	    83.4492
47276.453	    81.7439
47277.188	    81.7439
47277.914	    82.5310
47278.648	    81.7439
47279.398	    80.0000
47280.117	    83.4492
47280.852	    81.7439
47281.594	    80.8625
47282.328	    81.7439
47283.062	    81.7439
47283.797	    81.7439
47284.523	    82.5310
47285.250	    82.5310
47286.000	    80.0000
47286.734	    81.7439
47287.477	    80.8625
47288.219	    80.8625
47288.984	    78.3290
47289.758	    77.6197
47290.562	    74.5342
47291.422	    69.8487
47292.289	    69.2042
47293.164	    68.5714
47294.055	    67.3401
47294.969	    65.6455
47295.852	    67.9502
47296.766	    65.6455
47297.711	    63.4921
47298.609	    66.8151
47299.531	    65.0759
47300.484	    62.9591
47301.398	    65.6455
47302.320	    65.0759
47303.250	    64.5161
47304.172	    65.0759
47305.078	    66.2252
47306.000	    65.0759
47306.914	    65.6455
47307.805	    67.3401
47308.727	    65.0759
47309.641	    65.6455
47310.523	    67.9502
47311.445	    65.0759
47312.383	    63.9659
47313.281	    66.8151
47314.195	    65.6455
47315.117	    65.0759
47315.977	    69.8487
47316.820	    71.0900
47317.641	    73.1707
47318.445	    74.5342
47319.227	    76.8246
47319.984	    79.1557
47320.734	    80.0000
47321.477	    80.8625
47322.203	    82.5310
47322.945	    80.8625
47323.695	    80.0000
47324.453	    79.1557
47325.211	    79.1557
47325.984	    77.6197
47326.758	    77.6197
47327.547	    76.0456
47328.359	    73.8916
47329.195	    71.7703
47330.016	    73.1707
47330.883	    69.2042
47331.781	    66.8151
47332.641	    69.8487
47333.523	    67.9502
47334.430	    66.2252
47335.320	    67.3401
47336.250	    64.5161
47337.203	    62.9591
47338.125	    65.0759
47339.086	    62.4350
47340.047	    62.4350
47341.023	    61.4125
47342.016	    60.4839
47343.008	    60.4839
47343.969	    62.4350
47344.938	    61.9195
47345.891	    62.9591
47346.797	    66.2252
47347.734	    63.9659
47348.664	    64.5161
47349.570	    66.2252
47350.500	    64.5161
47351.453	    62.9591
47352.383	    64.5161
47353.344	    62.4350
47354.312	    61.9195
47355.266	    62.9591
47356.234	    61.9195
47357.203	    61.9195
47358.156	    62.9591
47359.117	    62.4350
47360.094	    61.4125
47361.047	    62.9591
47361.977	    64.5161
47362.961	    60.9756
47363.953	    60.4839
47364.898	    63.4921
47365.852	    62.9591
47366.836	    60.9756
47367.805	    61.9195
47368.750	    63.4921
47369.742	    60.4839
47370.750	    59.5238
47371.711	    62.4350
47372.664	    62.9591
47373.625	    62.4350
47374.539	    65.6455
47375.492	    62.9591
47376.445	    62.9591
47377.367	    65.0759
47378.297	    64.5161
47379.266	    61.9195
47380.203	    63.9659
47381.109	    66.2252
47382.047	    63.9659
47382.984	    63.9659
47383.898	    65.6455
47384.805	    66.2252
47385.766	    62.4350
47386.664	    66.8151
47387.523	    69.8487
47388.375	    70.4225
47389.203	    72.4638
47390.008	    74.5342
47390.812	    74.5342
47391.633	    73.1707
47392.469	    71.7703
47393.328	    69.8487
47394.234	    66.2252
47395.188	    62.9591
47396.125	    63.9659
47397.109	    60.9756
47398.102	    60.4839
47399.047	    63.4921
47400.031	    60.9756
47401.016	    60.9756
47402.016	    60.0000
47402.977	    62.4350
47403.969	    60.4839
47404.953	    60.9756
47405.914	    62.4350
47406.891	    61.4125
47407.859	    61.9195
47408.797	    63.9659
47409.750	    62.9591
47410.742	    60.4839
47411.703	    62.4350
47412.602	    66.8151
47413.516	    65.6455
47414.461	    63.4921
47415.398	    63.9659
47416.305	    66.2252
47417.250	    63.4921
47418.203	    62.9591
47419.094	    67.3401
47419.961	    69.2042
47420.891	    64.5161
47421.789	    66.8151
47422.680	    67.3401
47423.609	    64.5161
47424.578	    61.9195
47425.523	    63.4921
47426.477	    62.9591
47427.445	    61.9195
47428.344	    66.8151
47429.234	    67.3401
47430.156	    65.0759
47431.102	    63.4921
47432.031	    64.5161
47432.938	    66.2252
47433.914	    61.4125
47434.844	    64.5161
47435.727	    67.9502
47436.602	    68.5714
47437.500	    66.8151
47438.414	    65.6455
47439.305	    67.3401
47440.273	    61.9195
47441.234	    62.4350
47442.164	    64.5161
47443.117	    62.9591
47444.086	    61.9195
47445.047	    62.4350
47445.992	    63.4921
47446.969	    61.4125
47447.922	    62.9591
47448.852	    64.5161
47449.797	    63.4921
47450.734	    63.9659
47451.656	    65.0759
47452.562	    66.2252
47453.500	    63.9659
47454.453	    62.9591
47455.383	    64.5161
47456.328	    63.4921
47457.297	    61.9195
47458.242	    63.4921
47459.172	    64.5161
47460.102	    64.5161
47461.062	    62.4350
47462.016	    62.9591
47462.977	    62.4350
47463.938	    62.4350
47464.906	    61.9195
47465.836	    64.5161
47466.805	    61.9195
47467.758	    62.9591
47468.672	    65.6455
47469.570	    66.8151
47470.531	    62.4350
47471.484	    62.9591
47472.430	    63.4921
47473.336	    66.2252
47474.305	    61.9195
47475.242	    63.9659
47476.156	    65.6455
47477.070	    65.6455
47478.023	    62.9591
47478.961	    63.9659
47479.938	    61.4125
47480.930	    60.4839
47481.906	    61.4125
47482.859	    62.9591
47483.859	    60.0000
47484.820	    62.4350
47485.781	    62.4350
47486.703	    65.0759
47487.664	    62.4350
47488.648	    60.9756
47489.594	    63.4921
47490.578	    60.9756
47491.570	    60.4839
47492.531	    62.4350
47493.484	    62.9591
47494.445	    62.4350
47495.398	    62.9591
47496.344	    63.4921
47497.328	    60.9756
47498.297	    61.9195
47499.242	    63.4921
47500.156	    65.6455
47501.109	    62.9591
47502.047	    63.9659
47502.977	    64.5161
47503.961	    60.9756
47504.914	    62.9591
47505.859	    63.4921
47506.820	    62.4350
47507.789	    61.9195
47508.766	    61.4125
47509.711	    63.4921
47510.672	    62.4350
47511.609	    63.9659
47512.547	    63.9659
47513.430	    67.9502
47514.375	    63.4921
47515.289	    65.6455
47516.180	    67.3401
47517.125	    63.4921
47518.094	    61.9195
47519.109	    59.0551
47520.078	    61.9195
47521.086	    59.5238
47522.070	    60.9756
47523.031	    62.4350
47523.984	    62.9591
47524.969	    60.9756
47525.938	    61.9195
47526.875	    63.9659
47527.828	    62.9591
47528.797	    61.9195
47529.766	    61.9195
47530.703	    63.9659
47531.695	    60.4839
47532.633	    63.9659
47533.562	    64.5161
47534.469	    66.2252
47535.438	    61.9195
47536.375	    63.9659
47537.320	    63.4921
47538.242	    65.0759
47539.227	    60.9756
47540.195	    61.9195
47541.156	    62.4350
47542.094	    63.9659
47543.070	    61.4125
47544.039	    61.9195
47545.000	    62.4350
47545.922	    65.0759
47546.891	    61.9195
47547.859	    61.9195
47548.805	    63.4921
47549.734	    64.5161
47550.703	    61.9195
47551.688	    60.9756
47552.641	    62.9591
47553.625	    60.9756
47554.594	    61.9195
47555.562	    61.9195
47556.508	    63.4921
47557.508	    60.0000
47558.469	    62.4350
47559.406	    63.9659
47560.367	    62.4350
47561.328	    62.4350
47562.297	    61.9195
47563.242	    63.4921
47564.227	    60.9756
47565.203	    61.4125
47566.164	    62.4350
47567.094	    64.5161
47568.070	    61.4125
47569.008	    63.9659
47569.930	    65.0759
47570.836	    66.2252
47571.805	    61.9195
47572.766	    62.4350
47573.695	    64.5161
47574.641	    63.4921
47575.602	    62.4350
47576.562	    62.4350
47577.531	    61.9195
47578.523	    60.4839
47579.523	    60.0000
47580.508	    60.9756
47581.461	    62.9591
47582.469	    59.5238
47583.484	    59.0551
47584.477	    60.4839
47585.422	    63.4921
47586.383	    62.4350
47587.367	    60.9756
47588.344	    61.4125
47589.289	    63.4921
47590.234	    63.4921
47591.203	    61.9195
47592.180	    61.4125
47593.117	    63.9659
47594.102	    60.9756
47595.078	    61.4125
47596.039	    62.4350
47596.984	    63.4921
47597.961	    61.4125
47598.945	    60.9756
47599.938	    60.4839
47600.883	    63.4921
47601.805	    65.0759
47602.758	    62.9591
47603.734	    61.4125
47604.688	    62.9591
47605.680	    60.4839
47606.672	    60.4839
47607.680	    59.5238
47608.633	    62.9591
47609.625	    60.4839
47610.586	    62.4350
47611.492	    66.2252
47612.367	    68.5714
47613.227	    69.8487
47614.078	    70.4225
47614.922	    71.0900
47615.766	    71.0900
47616.625	    69.8487
47617.555	    64.5161
47618.547	    60.4839
47619.539	    60.4839
47620.469	    64.5161
47621.477	    59.5238
47622.477	    60.0000
47623.445	    61.9195
47624.438	    60.4839
47625.422	    60.9756
47626.422	    60.0000
47627.375	    62.9591
47628.273	    66.8151
47629.195	    65.0759
47630.117	    65.0759
47631.031	    65.6455
47631.922	    67.3401
47632.906	    60.9756
47633.898	    60.4839
47634.836	    63.9659
47635.773	    63.9659
47636.766	    60.4839
47637.758	    60.4839
47638.703	    63.4921
47639.695	    60.4839
47640.703	    59.5238
47641.727	    58.6510
47642.695	    61.9195
47643.703	    59.5238
47644.742	    57.7478
47645.734	    60.4839
47646.672	    63.9659
47647.656	    60.9756
47648.641	    60.9756
47649.648	    59.5238
47650.594	    63.4921
47651.562	    61.9195
47652.594	    58.1959
47653.531	    63.9659
47654.406	    68.5714
47655.289	    67.9502
47656.156	    69.2042
47657.047	    67.3401
47657.977	    64.5161
47658.930	    62.9591
47659.859	    64.5161
47660.859	    60.0000
47661.859	    60.0000
47662.797	    63.9659
47663.773	    61.4125
47664.750	    61.4125
47665.672	    65.0759
47666.609	    63.9659
47667.570	    62.4350
47668.547	    61.4125
47669.492	    63.4921
47670.414	    65.0759
47671.398	    60.9756
47672.391	    60.4839
47673.352	    62.4350
47674.312	    62.4350
47675.312	    60.0000
47676.234	    65.0759
47677.109	    68.5714
47678.000	    67.3401
47678.922	    65.0759
47679.844	    65.0759
47680.781	    63.9659
47681.758	    61.4125
47682.750	    60.4839
47683.695	    63.4921
47684.672	    61.4125
47685.664	    60.4839
47686.617	    62.9591
47687.547	    64.5161
47688.508	    62.4350
47689.453	    63.4921
47690.367	    65.6455
47691.297	    64.5161
47692.219	    65.0759
47693.125	    66.2252
47694.055	    64.5161
47695.008	    62.9591
47695.953	    63.4921
47696.875	    65.0759
47697.836	    62.4350
47698.812	    61.4125
47699.781	    61.9195
47700.719	    63.9659
47701.703	    60.9756
47702.680	    61.4125
47703.641	    62.4350
47704.562	    65.0759
47705.531	    61.9195
47706.500	    61.9195
47707.477	    61.4125
47708.414	    63.9659
47709.383	    61.9195
47710.375	    60.4839
47711.367	    60.4839
47712.320	    62.9591
47713.297	    61.4125
47714.297	    60.0000
47715.234	    63.9659
47716.188	    62.9591
47717.125	    63.9659
47718.047	    65.0759
47718.961	    65.6455
47719.930	    61.9195
47720.922	    60.4839
47721.883	    62.4350
47722.812	    64.5161
47723.797	    60.9756
47724.758	    62.4350
47725.719	    62.4350
47726.633	    65.6455
47727.609	    61.4125
47728.578	    61.9195
47729.516	    63.9659
47730.484	    61.9195
47731.484	    60.0000
47732.477	    60.4839
47733.430	    62.9591
47734.367	    63.9659
47735.367	    60.0000
47736.352	    60.9756
47737.312	    62.4350
47738.234	    65.0759
47739.188	    62.9591
47740.133	    63.4921
47741.055	    65.0759
47742.000	    63.4921
47742.984	    60.9756
47743.961	    61.4125
47744.906	    63.4921
47745.898	    60.4839
47746.891	    60.4839
47747.891	    60.0000
47748.836	    63.4921
47749.805	    61.9195
47750.805	    60.0000
47751.812	    59.5238
47752.781	    61.9195
47753.781	    60.0000
47754.773	    60.4839
47755.758	    60.9756
47756.695	    63.9659
47757.664	    61.9195
47758.602	    63.9659
47759.523	    65.0759
47760.398	    68.5714
47761.273	    68.5714
47762.148	    68.5714
47763.000	    70.4225
47763.891	    67.3401
47764.828	    63.9659
47765.781	    62.9591
47766.781	    60.0000
47767.812	    58.1959
47768.812	    60.0000
47769.773	    62.4350
47770.758	    60.9756
47771.766	    59.5238
47772.734	    61.9195
47773.688	    62.9591
47774.664	    61.4125
47775.648	    60.9756
47776.609	    62.4350
47777.602	    60.4839
47778.602	    60.0000
47779.609	    59.5238
47780.562	    62.9591
47781.547	    60.9756
47782.547	    60.0000
47783.508	    62.4350
47784.438	    64.5161
47785.398	    62.4350
47786.344	    63.4921
47787.273	    64.5161
47788.188	    65.6455
47789.156	    61.9195
47790.133	    61.4125
47791.102	    61.9195
47792.047	    63.4921
47793.039	    60.4839
47794.031	    60.4839
47795.031	    60.0000
47795.961	    64.5161
47796.922	    62.4350
47797.867	    63.4921
47798.820	    62.9591
47799.742	    65.0759
47800.727	    60.9756
47801.719	    60.4839
47802.672	    62.9591
47803.672	    60.0000
47804.703	    58.1959
47805.695	    60.4839
47806.672	    61.4125
47807.672	    60.0000
47808.695	    58.6510
47809.688	    60.4839
47810.648	    62.4350
47811.648	    60.0000
47812.656	    59.5238
47813.625	    61.9195
47814.578	    62.9591
47815.555	    61.4125
47816.562	    59.5238
47817.539	    61.4125
47818.500	    62.4350
47819.516	    59.0551
47820.516	    60.0000
47821.469	    62.9591
47822.422	    62.9591
47823.398	    61.4125
47824.406	    59.5238
47825.367	    62.4350
47826.305	    63.9659
47827.297	    60.4839
47828.312	    59.0551
47829.266	    62.9591
47830.188	    65.0759
47831.180	    60.4839
47832.156	    61.4125
47833.133	    61.4125
47834.062	    64.5161
47834.984	    65.0759
47835.875	    67.3401
47836.750	    68.5714
47837.602	    70.4225
47838.438	    71.7703
47839.250	    73.8916
47840.055	    74.5342
47840.836	    76.8246
47841.625	    76.0456
47842.398	    77.6197
47843.156	    79.1557
47843.938	    76.8246
47844.742	    74.5342
47845.547	    74.5342
47846.453	    66.2252
47847.383	    64.5161
47848.297	    65.6455
47849.242	    63.4921
47850.188	    63.4921
47851.047	    69.8487
47851.906	    69.8487
47852.758	    70.4225
47853.578	    73.1707
47854.391	    73.8916
47855.195	    74.5342
47855.984	    76.0456
47856.766	    76.8246
47857.531	    78.3290
47858.297	    78.3290
47859.062	    78.3290
47859.867	    74.5342
47860.727	    69.8487
47861.680	    62.9591
47862.625	    63.4921
47863.641	    59.0551
47864.656	    59.0551
47865.641	    60.9756
47866.625	    60.9756
47867.625	    60.0000
47868.617	    60.4839
47869.547	    64.5161
47870.562	    59.0551
47871.555	    60.4839
47872.477	    65.0759
47873.383	    66.2252
47874.344	    62.4350
47875.312	    61.9195
47876.305	    60.4839
47877.258	    62.9591
47878.273	    59.0551
47879.312	    57.7478
47880.297	    60.9756
47881.344	    57.3066
47882.383	    57.7478
47883.383	    60.0000
47884.359	    61.4125
47885.352	    60.4839
47886.336	    60.9756
47887.266	    64.5161
47888.180	    65.6455
47889.086	    66.2252
47889.984	    66.8151
47890.883	    66.8151
47891.859	    61.4125
47892.828	    61.9195
47893.789	    62.4350
47894.789	    60.0000
47895.797	    59.5238
47896.781	    60.9756
47897.773	    60.4839
47898.781	    59.5238
47899.789	    59.5238
47900.773	    60.9756
47901.766	    60.4839
47902.781	    59.0551
47903.758	    61.4125
47904.773	    59.0551
47905.789	    59.0551
47906.789	    60.0000
47907.781	    60.4839
47908.805	    58.6510
47909.836	    58.1959
47910.836	    60.0000
47911.789	    62.9591
47912.758	    61.9195
47913.742	    60.9756
47914.734	    60.4839
47915.688	    62.9591
47916.609	    65.0759
47917.578	    61.9195
47918.539	    62.4350
47919.477	    63.9659
47920.453	    61.4125
47921.430	    61.4125
47922.375	    63.4921
47923.305	    64.5161
47924.258	    62.9591
47925.203	    63.4921
47926.156	    62.9591
47927.156	    60.0000
47928.156	    60.0000
47929.117	    62.4350
47930.125	    59.5238
47931.117	    60.4839
47932.102	    60.9756
47933.086	    60.9756
47934.086	    60.0000
47935.023	    63.9659
47935.922	    66.8151
47936.828	    66.2252
47937.703	    68.5714
47938.594	    67.3401
47939.508	    65.6455
47940.438	    64.5161
47941.375	    63.9659
47942.375	    60.0000
47943.406	    58.1959
47944.383	    61.4125
47945.398	    59.0551
47946.406	    59.5238
47947.398	    60.4839
47948.383	    60.9756
47949.383	    60.0000
47950.398	    59.0551
47951.375	    61.4125
47952.391	    59.0551
47953.398	    59.5238
47954.414	    59.0551
47955.406	    60.4839
47956.422	    59.0551
47957.438	    59.0551
47958.438	    60.0000
47959.398	    62.4350
47960.375	    61.4125
47961.367	    60.4839
47962.320	    62.9591
47963.297	    61.4125
47964.273	    61.4125
47965.234	    62.4350
47966.180	    63.4921
47967.164	    60.9756
47968.148	    60.9756
47969.109	    62.4350
47970.047	    63.9659
47971.016	    61.9195
47972.008	    60.4839
47973.000	    60.4839
47973.938	    63.9659
47974.898	    62.4350
47975.844	    63.4921
47976.773	    64.5161
47977.695	    65.0759
47978.633	    63.9659
47979.594	    62.4350
47980.523	    64.5161
47981.469	    63.4921
47982.438	    61.9195
47983.398	    62.4350
47984.328	    64.5161
47985.297	    61.9195
47986.281	    60.9756
47987.227	    63.4921
47988.180	    62.9591
47989.117	    63.9659
47990.031	    65.6455
47990.961	    64.5161
47991.914	    62.9591
47992.883	    61.9195
47993.828	    63.4921
47994.836	    59.5238
47995.836	    60.0000
47996.820	    60.9756
47997.766	    63.4921
47998.734	    61.9195
47999.703	    61.9195
48000.641	    63.9659
48001.570	    64.5161
48002.523	    62.9591
48003.477	    62.9591
48004.398	    65.0759
48005.328	    64.5161
48006.266	    63.9659
48007.203	    63.9659
48008.117	    65.6455
48009.062	    63.4921
48010.039	    61.4125
48010.992	    62.9591
48011.961	    61.9195
48012.969	    59.5238
48013.969	    60.0000
48014.922	    62.9591
48015.898	    61.4125
48016.875	    61.4125
48017.859	    60.9756
48018.812	    62.9591
48019.820	    59.5238
48020.836	    59.0551
48021.828	    60.4839
48022.773	    63.4921
48023.766	    60.4839
48024.773	    59.5238
48025.734	    62.4350
48026.695	    62.4350
48027.680	    60.9756
48028.656	    61.4125
48029.609	    62.9591
48030.594	    60.9756
48031.570	    61.4125
48032.555	    60.9756
48033.523	    61.9195
48034.500	    61.4125
48035.492	    60.4839
48036.477	    60.9756
48037.438	    62.4350
48038.430	    60.4839
48039.422	    60.4839
48040.383	    62.4350
48041.352	    61.9195
48042.320	    61.9195
48043.305	    60.9756
48044.250	    63.4921
48045.227	    61.4125
48046.211	    60.9756
48047.203	    60.4839
48048.156	    62.9591
48049.156	    60.0000
48050.141	    60.9756
48051.086	    63.4921
48052.078	    60.4839
48053.094	    59.0551
48054.086	    60.4839
48055.016	    64.5161
48055.914	    66.8151
48056.828	    65.6455
48057.711	    67.9502
48058.602	    67.3401
48059.508	    66.2252
48060.422	    65.6455
48061.336	    65.6455
48062.281	    63.4921
48063.258	    61.4125
48064.273	    59.0551
48065.289	    59.0551
48066.289	    60.0000
48067.305	    59.0551
48068.320	    59.0551
48069.289	    61.9195
48070.289	    60.0000
48071.266	    61.4125
48072.250	    60.9756
48073.242	    60.4839
48074.203	    62.4350
48075.188	    60.9756
48076.148	    62.4350
48077.109	    62.4350
48078.094	    60.9756
48079.070	    61.4125
48080.031	    62.4350
48080.953	    65.0759
48081.891	    63.9659
48082.844	    62.9591
48083.781	    63.9659
48084.719	    63.9659
48085.695	    61.4125
48086.664	    61.9195
48087.617	    62.9591
48088.594	    61.4125
48089.570	    61.4125
48090.547	    61.4125
48091.500	    62.9591
48092.477	    61.4125
48093.414	    63.9659
48094.367	    62.9591
48095.312	    63.4921
48096.258	    63.4921
48097.203	    63.4921
48098.164	    62.4350
48099.109	    63.4921
48100.039	    64.5161
48100.984	    63.4921
48101.938	    62.9591
48102.891	    62.9591
48103.820	    64.5161
48104.797	    61.4125
48105.758	    62.4350
48106.672	    65.6455
48107.602	    64.5161
48108.484	    67.9502
48109.336	    70.4225
48110.188	    70.4225
48111.016	    72.4638
48111.820	    74.5342
48112.633	    73.8916
48113.438	    74.5342
48114.234	    75.2823
48115.039	    74.5342
48115.852	    73.8916
48116.656	    74.5342
48117.477	    73.1707
48118.289	    73.8916
48119.109	    73.1707
48119.945	    71.7703
48120.820	    68.5714
48121.672	    70.4225
48122.570	    66.8151
48123.516	    63.4921
48124.430	    65.6455
48125.336	    66.2252
48126.289	    62.9591
48127.258	    61.9195
48128.188	    64.5161
48129.156	    61.9195
48130.109	    62.9591
48131.062	    62.9591
48131.992	    64.5161
48132.961	    61.9195
48133.938	    61.4125
48134.898	    62.4350
48135.891	    60.4839
48136.883	    60.4839
48137.867	    60.9756
48138.875	    59.5238
48139.875	    60.0000
48140.859	    60.9756
48141.867	    59.5238
48142.859	    60.4839
48143.844	    60.9756
48144.781	    63.9659
48145.758	    61.4125
48146.742	    60.9756
48147.711	    61.9195
48148.688	    61.4125
48149.703	    59.0551
48150.688	    60.9756
48151.695	    59.5238
48152.703	    59.5238
48153.688	    60.9756
48154.680	    60.4839
48155.664	    60.9756
48156.680	    59.0551
48157.680	    60.0000
48158.688	    59.5238
48159.703	    59.0551
48160.711	    59.5238
48161.719	    59.5238
48162.727	    59.5238
48163.703	    61.4125
48164.695	    60.4839
48165.664	    61.9195
48166.625	    62.4350
48167.578	    62.9591
48168.578	    60.0000
48169.555	    61.4125
48170.508	    62.9591
48171.492	    60.9756
48172.469	    61.4125
48173.430	    62.4350
48174.414	    60.9756
48175.383	    61.9195
48176.352	    61.9195
48177.336	    60.9756
48178.328	    60.4839
48179.305	    61.4125
48180.297	    60.4839
48181.289	    60.4839
48182.234	    63.4921
48183.227	    60.4839
48184.203	    61.4125
48185.133	    64.5161
48186.078	    63.4921
48187.031	    62.9591
48187.969	    63.9659
48188.922	    62.9591
48189.898	    61.4125
48190.836	    63.9659
48191.812	    61.4125
48192.789	    61.4125
48193.750	    62.4350
48194.688	    63.9659
48195.641	    62.9591
48196.602	    62.4350
48197.531	    64.5161
48198.484	    62.9591
48199.438	    62.9591
48200.375	    63.9659
48201.336	    62.4350
48202.297	    62.4350
48203.258	    62.4350
48204.219	    62.4350
48205.188	    61.9195
48206.156	    61.9195
48207.094	    63.9659
48208.047	    62.9591
48209.016	    61.9195
48209.938	    65.0759
48210.859	    65.0759
48211.797	    63.9659
48212.719	    65.0759
48213.609	    67.3401
48214.531	    65.0759
48215.445	    65.6455
48216.336	    67.3401
48217.227	    67.3401
48218.164	    63.9659
48219.055	    67.3401
48219.953	    66.8151
48220.867	    65.6455
48221.781	    65.6455
48222.633	    70.4225
48223.484	    70.4225
48224.312	    72.4638
48225.117	    74.5342
48225.906	    76.0456
48226.695	    76.0456
48227.477	    76.8246
48228.258	    76.8246
48229.062	    74.5342
48229.906	    71.0900
48230.812	    66.2252
48231.750	    63.9659
48232.664	    65.6455
48233.602	    63.9659
48234.562	    62.4350
48235.500	    63.9659
48236.430	    64.5161
48237.391	    62.4350
48238.352	    62.4350
48239.281	    64.5161
48240.250	    61.9195
48241.219	    61.9195
48242.188	    61.9195
48243.164	    61.4125
48244.172	    59.5238
48245.156	    60.9756
48246.141	    60.9756
48247.156	    59.0551
48248.141	    60.9756
48249.148	    59.5238
48250.148	    60.0000
48251.172	    58.6510
48252.211	    57.7478
48253.203	    60.4839
48254.242	    57.7478
48255.266	    58.6510
48256.266	    60.0000
48257.289	    58.6510
48258.328	    57.7478
48259.320	    60.4839
48260.328	    59.5238
48261.352	    58.6510
48262.336	    60.9756
48263.344	    59.5238
48264.367	    58.6510
48265.359	    60.4839
48266.320	    62.4350
48267.328	    59.5238
48268.344	    59.0551
48269.312	    61.9195
48270.312	    60.0000
48271.320	    59.5238
48272.289	    61.9195
48273.289	    60.0000
48274.281	    60.4839
48275.242	    62.4350
48276.211	    61.9195
48277.195	    60.9756
48278.188	    60.4839
48279.141	    62.9591
48280.133	    60.4839
48281.117	    60.9756
48282.086	    61.9195
48283.078	    60.4839
48284.047	    61.9195
48285.047	    60.0000
48286.047	    60.0000
48287.000	    62.9591
48288.000	    60.0000
48288.992	    60.4839
48289.938	    63.4921
48290.906	    61.9195
48291.898	    60.4839
48292.875	    61.4125
48293.820	    63.4921
48294.805	    60.9756
48295.789	    60.9756
48296.766	    61.4125
48297.711	    63.4921
48298.688	    61.4125
48299.672	    60.9756
48300.625	    62.9591
48301.578	    62.9591
48302.555	    61.4125
48303.500	    63.4921
48304.430	    64.5161
48305.398	    61.9195
48306.352	    62.9591
48307.297	    63.4921
48308.273	    61.4125
48309.242	    61.9195
48310.203	    62.4350
48311.180	    61.4125
48312.148	    61.9195
48313.086	    63.9659
48314.016	    64.5161
48314.961	    63.4921
48315.891	    64.5161
48316.805	    65.6455
48317.734	    64.5161
48318.672	    63.9659
48319.594	    65.0759
48320.523	    64.5161
48321.492	    61.9195
48322.430	    63.9659
48323.375	    63.4921
48324.344	    61.9195
48325.281	    63.9659
48326.242	    62.4350
48327.180	    63.9659
48328.125	    63.4921
48329.031	    66.2252
48329.984	    62.9591
48330.922	    63.9659
48331.844	    65.0759
48332.812	    61.9195
48333.758	    63.4921
48334.727	    61.9195
48335.680	    62.9591
48336.617	    63.9659
48337.562	    63.4921
48338.500	    63.9659
48339.430	    64.5161
48340.375	    63.4921
48341.320	    63.4921
48342.234	    65.6455
48343.180	    63.4921
48344.117	    63.9659
48345.016	    66.8151
48345.922	    66.2252
48346.828	    66.2252
48347.719	    67.3401
48348.594	    68.5714
48349.516	    65.0759
48350.445	    64.5161
48351.367	    65.0759
48352.297	    64.5161
48353.242	    63.4921
48354.180	    63.9659
48355.102	    65.0759
48356.055	    62.9591
48357.008	    62.9591
48357.953	    63.4921
48358.867	    65.6455
48359.742	    68.5714
48360.625	    67.9502
48361.523	    66.8151
48362.453	    64.5161
48363.336	    67.9502
48364.266	    64.5161
48365.211	    63.4921
48366.164	    62.9591
48367.070	    66.2252
48368.047	    61.4125
48369.031	    60.9756
48370.016	    60.9756
48370.977	    62.4350
48371.977	    60.0000
48372.977	    60.0000
48373.961	    60.9756
48374.961	    60.0000
48375.977	    59.0551
48376.977	    60.0000
48378.000	    58.6510
48379.000	    60.0000
48379.984	    60.9756
48381.008	    58.6510
48382.016	    59.5238
48383.008	    60.4839
48384.023	    59.0551
48385.047	    58.6510
48386.016	    61.9195
48387.031	    59.0551
48388.047	    59.0551
48389.023	    61.4125
48390.031	    59.5238
48391.055	    58.6510
48392.055	    60.0000
48393.055	    60.0000
48394.070	    59.0551
48395.055	    60.9756
48396.055	    60.0000
48397.055	    60.0000
48398.016	    62.4350
48399.008	    60.4839
48400.016	    59.5238
48400.984	    61.9195
48401.992	    59.5238
48402.992	    60.0000
48403.961	    61.9195
48404.969	    59.5238
48405.977	    59.5238
48406.945	    61.9195
48407.953	    59.5238
48408.945	    60.4839
48409.914	    61.9195
48410.914	    60.0000
48411.930	    59.0551
48412.898	    61.9195
48413.891	    60.4839
48414.891	    60.0000
48415.859	    61.9195
48416.844	    60.9756
48417.812	    61.9195
48418.789	    61.4125
48419.758	    61.9195
48420.695	    63.9659
48421.688	    60.4839
48422.648	    62.4350
48423.609	    62.4350
48424.602	    60.4839
48425.547	    63.4921
48426.445	    66.8151
48427.359	    65.6455
48428.281	    65.0759
48429.227	    63.4921
48430.133	    66.2252
48431.078	    63.4921
48432.031	    62.9591
48432.961	    64.5161
48433.898	    63.9659
48434.852	    62.9591
48435.797	    63.4921
48436.711	    65.6455
48437.648	    63.9659
48438.594	    63.4921
48439.508	    65.6455
48440.438	    64.5161
48441.375	    63.9659
48442.305	    64.5161
48443.242	    63.9659
48444.203	    62.4350
48445.164	    62.4350
48446.117	    62.9591
48447.109	    60.4839
48448.102	    60.4839
48449.070	    61.9195
48450.055	    60.9756
48451.055	    60.0000
48452.016	    62.4350
48452.992	    61.4125
48453.984	    60.4839
48454.969	    60.9756
48455.922	    62.9591
48456.906	    60.9756
48457.875	    61.9195
48458.844	    61.9195
48459.820	    61.4125
48460.781	    62.4350
48461.766	    60.9756
48462.766	    60.0000
48463.750	    60.9756
48464.703	    62.9591
48465.688	    60.9756
48466.680	    60.4839
48467.641	    62.4350
48468.617	    61.4125
48469.602	    60.9756
48470.602	    60.0000
48471.570	    61.9195
48472.539	    61.9195
48473.500	    62.4350
48474.461	    62.4350
48475.398	    63.9659
48476.375	    61.4125
48477.336	    62.4350
48478.273	    63.9659
48479.242	    61.9195
48480.219	    61.4125
48481.211	    60.4839
48482.156	    63.4921
48483.133	    61.4125
48484.117	    60.9756
48485.086	    61.9195
48486.039	    62.9591
48487.016	    61.4125
48487.992	    61.4125
48488.953	    62.4350
48489.922	    61.9195
48490.891	    61.9195
48491.836	    63.4921
48492.820	    60.9756
48493.789	    61.9195
48494.742	    62.9591
48495.719	    61.4125
48496.703	    60.9756
48497.656	    62.9591
48498.586	    64.5161
48499.555	    61.9195
48500.531	    61.4125
48501.477	    63.4921
48502.406	    64.5161
48503.375	    61.9195
48504.344	    61.9195
48505.281	    63.9659
48506.227	    63.4921
48507.203	    61.4125
48508.172	    61.9195
48509.117	    63.4921
48510.086	    61.9195
48511.078	    60.4839
48512.047	    61.9195
48512.977	    64.5161
48513.945	    61.9195
48514.914	    61.9195
48515.867	    62.9591
48516.797	    64.5161
48517.727	    64.5161
48518.680	    62.9591
48519.641	    62.4350
48520.562	    65.0759
48521.492	    64.5161
48522.453	    62.4350
48523.398	    63.4921
48524.352	    62.9591
48525.297	    63.4921
48526.227	    64.5161
48527.156	    64.5161
48528.078	    65.0759
48529.031	    62.9591
48529.977	    63.4921
48530.914	    63.9659
48531.859	    63.4921
48532.812	    62.9591
48533.766	    62.9591
48534.742	    61.4125
48535.727	    60.9756
48536.695	    61.9195
48537.688	    60.4839
48538.680	    60.4839
48539.641	    62.4350
48540.609	    61.9195
48541.594	    60.9756
48542.547	    62.9591
48543.477	    64.5161
48544.430	    62.9591
48545.383	    62.9591
48546.305	    65.0759
48547.250	    63.4921
48548.203	    62.9591
48549.141	    63.9659
48550.062	    65.0759
48551.031	    61.9195
48551.984	    62.9591
48552.914	    64.5161
48553.867	    62.9591
48554.820	    62.9591
48555.758	    63.9659
48556.703	    63.4921
48557.664	    62.4350
48558.602	    63.9659
48559.570	    61.9195
48560.539	    61.9195
48561.484	    63.4921
48562.445	    62.4350
48563.414	    61.9195
48564.352	    63.9659
48565.320	    61.9195
48566.289	    61.9195
48567.258	    61.9195
48568.227	    61.9195
48569.195	    61.9195
48570.156	    62.4350
48571.117	    62.4350
48572.109	    60.4839
48573.086	    61.4125
48574.039	    62.9591
48575.031	    60.4839
48576.023	    60.4839
48576.992	    61.9195
48577.930	    63.9659
48578.914	    60.9756
48579.891	    61.4125
48580.836	    63.4921
48581.789	    62.9591
48582.750	    62.4350
48583.727	    61.4125
48584.648	    65.0759
48585.617	    61.9195
48586.602	    60.9756
48587.578	    61.4125
48588.523	    63.4921
48589.500	    61.4125
48590.477	    61.4125
48591.422	    63.4921
48592.391	    61.9195
48593.367	    61.4125
48594.312	    63.4921
48595.281	    61.9195
48596.273	    60.4839
48597.234	    62.4350
48598.188	    62.9591
48599.156	    61.9195
48600.102	    63.4921
48601.062	    62.4350
48602.031	    61.9195
48602.977	    63.4921
48603.945	    61.9195
48604.906	    62.4350
48605.844	    63.9659
48606.789	    63.4921
48607.750	    62.4350
48608.703	    62.9591
48609.656	    62.9591
48610.617	    62.4350
48611.555	    63.9659
48612.531	    61.4125
48613.484	    62.9591
48614.391	    66.2252
48615.297	    66.2252
48616.234	    63.9659
48617.148	    65.6455
48618.055	    66.2252
48619.008	    62.9591
48619.969	    62.4350
48620.914	    63.4921
48621.875	    62.4350
48622.875	    60.0000
48623.828	    62.9591
48624.781	    62.9591
48625.711	    64.5161
48626.664	    62.9591
48627.625	    62.4350
48628.547	    65.0759
48629.500	    62.9591
48630.414	    65.6455
48631.359	    63.4921
48632.297	    63.9659
48633.219	    65.0759
48634.164	    63.4921
48635.125	    62.4350
48636.062	    63.9659
48637.039	    61.4125
48638.023	    60.9756
48638.984	    62.4350
48639.938	    62.9591
48640.898	    62.4350
48641.844	    63.4921
48642.820	    61.4125
48643.781	    62.4350
48644.727	    63.4921
48645.695	    61.9195
48646.656	    62.4350
48647.594	    63.9659
48648.578	    60.9756
48649.539	    62.4350
48650.461	    65.0759
48651.422	    62.4350
48652.398	    61.4125
48653.336	    63.9659
48654.289	    62.9591
48655.234	    63.4921
48656.172	    63.9659
48657.117	    63.4921
48658.094	    61.4125
48659.062	    61.9195
48660.000	    63.9659
48660.961	    62.4350
48661.938	    61.4125
48662.891	    62.9591
48663.820	    64.5161
48664.797	    61.4125
48665.758	    62.4350
48666.695	    63.9659
48667.648	    62.9591
48668.609	    62.4350
48669.562	    62.9591
48670.469	    66.2252
48671.414	    63.4921
48672.359	    63.4921
48673.281	    65.0759
48674.195	    65.6455
48675.141	    63.4921
48676.086	    63.4921
48677.008	    65.0759
48677.922	    65.6455
48678.867	    63.4921
48679.820	    62.9591
48680.750	    64.5161
48681.703	    62.9591
48682.680	    61.4125
48683.648	    61.9195
48684.578	    64.5161
48685.539	    62.4350
48686.500	    62.4350
48687.438	    63.9659
48688.391	    62.9591
48689.359	    61.9195
48690.312	    62.9591
48691.250	    63.9659
48692.227	    61.4125
48693.203	    61.4125
48694.156	    62.9591
48695.109	    62.9591
48696.086	    61.4125
48697.086	    60.0000
48698.039	    62.9591
48699.016	    61.4125
48700.000	    60.9756
48700.953	    62.9591
48701.906	    62.9591
48702.891	    60.9756
48703.867	    61.4125
48704.828	    62.4350
48705.797	    61.9195
48706.766	    61.9195
48707.703	    63.9659
48708.633	    64.5161
48709.578	    63.4921
48710.539	    62.4350
48711.461	    65.0759
48712.406	    63.4921
48713.406	    60.0000
48714.383	    61.4125
48715.320	    63.9659
48716.297	    61.4125
48717.266	    61.9195
48718.195	    64.5161
48719.180	    60.9756
48720.141	    62.4350
48721.062	    65.0759
48722.000	    63.9659
48722.922	    65.0759
48723.844	    65.0759
48724.734	    67.3401
48725.664	    64.5161
48726.594	    64.5161
48727.484	    67.3401
48728.406	    65.0759
48729.305	    66.8151
48730.180	    68.5714
48731.117	    63.9659
48732.078	    62.4350
48733.039	    62.4350
48733.961	    65.0759
48734.953	    60.4839
48735.961	    59.5238
48736.922	    62.4350
48737.914	    60.4839
48738.906	    60.4839
48739.898	    60.4839
48740.844	    63.4921
48741.828	    60.9756
48742.805	    61.4125
48743.766	    62.4350
48744.727	    62.4350
48745.688	    62.4350
48746.648	    62.4350
48747.586	    63.9659
48748.578	    60.4839
48749.547	    61.9195
48750.516	    61.9195
48751.453	    63.9659
48752.438	    60.9756
48753.422	    60.9756
48754.383	    62.4350
48755.320	    63.9659
48756.305	    60.9756
48757.273	    61.9195
48758.219	    63.4921
48759.203	    60.9756
48760.180	    61.4125
48761.180	    60.0000
48762.125	    63.4921
48763.102	    61.4125
48764.070	    61.9195
48765.000	    64.5161
48765.922	    65.0759
48766.891	    61.9195
48767.883	    60.4839
48768.828	    63.4921
48769.781	    62.9591
48770.727	    63.4921
48771.672	    63.4921
48772.625	    62.9591
48773.625	    60.0000
48774.625	    60.0000
48775.617	    60.4839
48776.570	    62.9591
48777.562	    60.4839
48778.539	    61.4125
48779.516	    61.4125
48780.469	    62.9591
48781.445	    61.4125
48782.422	    61.4125
48783.375	    62.9591
48784.359	    60.9756
48785.320	    62.4350
48786.297	    61.4125
48787.250	    62.9591
48788.273	    58.6510
48789.289	    59.0551
48790.273	    60.9756
48791.297	    58.6510
48792.320	    58.6510
48793.320	    60.0000
48794.320	    60.0000
48795.328	    59.5238
48796.305	    61.4125
48797.297	    60.4839
48798.289	    60.4839
48799.289	    60.0000
48800.297	    59.5238
48801.305	    59.5238
48802.305	    60.0000
48803.328	    58.6510
48804.305	    61.4125
48805.258	    62.9591
48806.227	    61.9195
48807.156	    64.5161
48808.039	    67.9502
48808.914	    68.5714
48809.789	    68.5714
48810.711	    65.0759
48811.727	    59.0551
48812.805	    55.6586
48813.812	    59.5238
48814.766	    62.9591
48815.750	    60.9756
48816.727	    61.4125
48817.719	    60.4839
48818.656	    63.9659
48819.609	    62.9591
48820.562	    62.9591
48821.500	    63.9659
48822.414	    65.6455
48823.359	    63.4921
48824.289	    64.5161
48825.195	    66.2252
48826.133	    63.9659
48827.055	    65.0759
48827.969	    65.6455
48828.914	    63.4921
48829.875	    62.4350
48830.836	    62.4350
48831.805	    61.9195
48832.797	    60.4839
48833.781	    60.9756
48834.742	    62.4350
48835.734	    60.4839
48836.719	    60.9756
48837.703	    60.9756
48838.688	    60.9756
48839.688	    60.0000
48840.656	    61.9195
48841.656	    60.0000
48842.656	    60.0000
48843.633	    61.4125
48844.625	    60.4839
48845.617	    60.4839
48846.562	    63.4921
48847.555	    60.4839
48848.570	    59.0551
48849.570	    60.0000
48850.570	    60.0000
48851.609	    57.7478
48852.625	    59.0551
48853.648	    58.6510
48854.672	    58.6510
48855.656	    60.9756
48856.672	    59.0551
48857.672	    60.0000
48858.703	    58.1959
48859.734	    58.1959
48860.758	    58.6510
48861.812	    56.8720
48862.852	    57.7478
48863.859	    59.5238
48864.906	    57.3066
48865.922	    59.0551
48866.891	    61.9195
48867.906	    59.0551
48868.906	    60.0000
48869.883	    61.4125
48870.875	    60.4839
48871.891	    59.0551
48872.898	    59.5238
48873.859	    62.4350
48874.852	    60.4839
48875.836	    60.9756
48876.828	    60.4839
48877.773	    63.4921
48878.773	    60.0000
48879.773	    60.0000
48880.750	    61.4125
48881.656	    66.2252
48882.633	    61.4125
48883.625	    60.4839
48884.609	    60.9756
48885.555	    63.4921
48886.570	    59.0551
48887.578	    59.5238
48888.547	    61.9195
48889.562	    59.0551
48890.570	    59.5238
48891.539	    61.9195
48892.555	    59.0551
48893.578	    58.6510
48894.602	    58.6510
48895.594	    60.4839
48896.609	    59.0551
48897.602	    60.4839
48898.617	    59.0551
48899.609	    60.4839
48900.648	    57.7478
48901.648	    60.0000
48902.656	    59.5238
48903.688	    58.1959
48904.680	    60.4839
48905.711	    58.1959
48906.734	    58.6510
48907.742	    59.5238
48908.789	    57.3066
48909.828	    57.7478
48910.852	    58.6510
48911.898	    57.3066
48912.938	    57.7478
48913.938	    60.0000
48914.930	    60.4839
48915.938	    59.5238
48916.938	    60.0000
48917.938	    60.0000
48918.906	    61.9195
48919.914	    59.5238
48920.914	    60.0000
48921.914	    60.0000
48922.930	    59.0551
48923.930	    60.0000
48924.969	    57.7478
48925.992	    58.6510
48926.961	    61.9195
48927.961	    60.0000
48928.891	    64.5161
48929.805	    65.6455
48930.727	    65.0759
48931.672	    63.4921
48932.625	    62.9591
48933.531	    66.2252
48934.492	    62.4350
48935.469	    61.4125
48936.430	    62.4350
48937.359	    64.5161
48938.352	    60.4839
48939.344	    60.4839
48940.297	    62.9591
48941.281	    60.9756
48942.266	    60.9756
48943.234	    61.9195
48944.164	    64.5161
48945.141	    61.4125
48946.117	    61.4125
48947.062	    63.4921
48948.023	    62.4350
48949.008	    60.9756
48949.992	    60.9756
48950.961	    61.9195
48951.984	    58.6510
48953.016	    58.1959
48954.000	    60.9756
48955.023	    58.6510
48956.047	    58.6510
48957.031	    60.9756
48958.039	    59.5238
48959.031	    60.4839
48960.055	    58.6510
48961.062	    59.5238
48962.031	    61.9195
48963.055	    58.6510
48964.062	    59.5238
48965.047	    60.9756
48966.062	    59.0551
48967.070	    59.5238
48968.070	    60.0000
48969.039	    61.9195
48970.047	    59.5238
48971.016	    61.9195
48971.984	    61.9195
48972.898	    65.6455
48973.812	    65.6455
48974.758	    63.4921
48975.703	    63.4921
48976.711	    59.5238
48977.766	    56.8720
48978.844	    55.6586
48979.828	    60.9756
48980.883	    56.8720
48981.930	    57.3066
48982.922	    60.4839
48983.891	    61.9195
48984.922	    58.1959
48985.938	    59.0551
48986.906	    61.9195
48987.867	    62.4350
48988.859	    60.4839
48989.859	    60.0000
48990.805	    63.4921
48991.750	    63.4921
48992.727	    61.4125
48993.695	    61.9195
48994.688	    60.4839
48995.695	    59.5238
48996.688	    60.4839
48997.594	    66.2252
48998.500	    66.2252
48999.383	    67.9502
49000.242	    69.8487
49001.109	    69.2042
49001.984	    68.5714
49002.891	    66.2252
49003.781	    67.3401
49004.641	    69.8487
49005.500	    69.8487
49006.352	    70.4225
49007.180	    72.4638
49008.008	    72.4638
49008.828	    73.1707
49009.633	    74.5342
49010.430	    75.2823
49011.227	    75.2823
49012.016	    76.0456
49012.789	    77.6197
49013.555	    78.3290
49014.336	    76.8246
49015.086	    80.0000
49015.844	    79.1557
49016.594	    80.0000
49017.344	    80.0000
49018.109	    78.3290
49018.898	    76.0456
49019.695	    75.2823
49020.555	    69.8487
49021.469	    65.6455
49022.414	    63.4921
49023.328	    65.6455
49024.375	    57.3066
49025.461	    55.2486
49026.453	    60.4839
49027.484	    58.1959
49028.539	    56.8720
49029.516	    61.4125
49030.547	    58.1959
49031.609	    56.4972
49032.648	    57.7478
49033.633	    60.9756
49034.688	    56.8720
49035.688	    60.0000
49036.688	    60.0000
49037.648	    62.4350
49038.672	    58.6510
49039.734	    56.4972
49040.766	    58.1959
49041.836	    56.0748
49042.906	    56.0748
49043.922	    59.0551
49044.984	    56.4972
49046.023	    57.7478
49047.031	    59.5238
49048.016	    60.9756
49049.047	    58.1959
49050.008	    62.4350
49050.945	    63.9659
49051.898	    62.9591
49052.922	    58.6510
49053.984	    56.4972
49055.000	    59.0551
49056.086	    55.2486
49057.148	    56.4972
49058.109	    62.4350
49059.109	    60.0000
49060.109	    60.0000
49061.086	    61.4125
49062.023	    63.9659
49063.000	    61.4125
49063.992	    60.4839
49064.961	    61.9195
49065.938	    61.4125
49066.938	    60.0000
49067.953	    59.0551
49068.914	    62.4350
49069.953	    57.7478
49070.992	    57.7478
49071.992	    60.0000
49072.945	    62.9591
49073.969	    58.6510
49074.992	    58.6510
49075.977	    60.9756
49076.992	    59.0551
49077.984	    60.4839
49079.016	    58.1959
49080.000	    60.9756
49080.992	    60.4839
49081.977	    60.9756
49082.953	    61.4125
49083.914	    62.4350
49084.914	    60.0000
49085.938	    58.6510
49086.898	    62.4350
49087.922	    58.6510
49088.945	    58.6510
49089.938	    60.4839
49090.969	    58.1959
49092.039	    56.0748
49093.070	    58.1959
49094.062	    60.4839
49095.125	    56.4972
49096.156	    58.1959
49097.172	    59.0551
49098.203	    58.1959
49099.234	    58.1959
49100.242	    59.5238
49101.273	    58.1959
49102.320	    57.3066
49103.352	    58.1959
49104.336	    60.9756
49105.367	    58.1959
49106.414	    57.3066
49107.422	    59.5238
49108.406	    60.9756
49109.453	    57.3066
49110.492	    57.7478
49111.500	    59.5238
49112.492	    60.4839
49113.516	    58.6510
49114.539	    58.6510
49115.508	    61.9195
49116.523	    59.0551
49117.500	    61.4125
49118.445	    63.4921
49119.430	    60.9756
49120.414	    60.9756
49121.422	    59.5238
49122.352	    64.5161
49123.352	    60.0000
49124.367	    59.0551
49125.406	    57.7478
49126.367	    62.4350
49127.344	    61.4125
49128.359	    59.0551
49129.375	    59.0551
49130.367	    60.4839
49131.359	    60.4839
49132.406	    57.3066
49133.375	    61.9195
49134.328	    62.9591
49135.336	    59.5238
49136.359	    58.6510
49137.336	    61.4125
49138.320	    60.9756
49139.281	    62.4350
49140.273	    60.4839
49141.242	    61.9195
49142.273	    58.1959
49143.352	    55.6586
49144.352	    60.0000
49145.359	    59.5238
49146.398	    57.7478
49147.438	    57.7478
49148.422	    60.9756
49149.438	    59.0551
49150.469	    58.1959
49151.516	    57.3066
49152.508	    60.4839
49153.531	    58.6510
49154.570	    57.7478
49155.625	    56.8720
49156.625	    60.0000
49157.562	    63.9659
49158.523	    62.4350
49159.453	    64.5161
49160.398	    63.4921
49161.383	    60.9756
49162.375	    60.4839
49163.352	    61.4125
49164.414	    56.4972
49165.469	    56.8720
49166.492	    58.6510
49167.492	    60.0000
49168.523	    58.1959
49169.523	    60.0000
49170.500	    61.4125
49171.508	    59.5238
49172.531	    58.6510
49173.555	    58.6510
49174.547	    60.4839
49175.586	    57.7478
49176.617	    58.1959
49177.625	    59.5238
49178.672	    57.3066
49179.711	    57.7478
49180.719	    59.5238
49181.664	    63.4921
49182.664	    60.0000
49183.688	    58.6510
49184.672	    60.9756
49185.680	    59.5238
49186.719	    57.7478
49187.773	    56.8720
49188.766	    60.4839
49189.828	    56.4972
49190.906	    55.6586
49191.953	    57.3066
49192.961	    59.5238
49194.008	    57.3066
49195.070	    56.4972
49196.070	    60.0000
49197.102	    58.1959
49198.148	    57.3066
49199.164	    59.0551
49200.133	    61.9195
49201.156	    58.6510
49202.172	    59.0551
49203.141	    61.9195
49204.148	    59.5238
49205.156	    59.5238
49206.156	    60.0000
49207.117	    62.4350
49208.148	    58.1959
49209.211	    56.4972
49210.195	    60.9756
49211.172	    61.4125
49212.195	    58.6510
49213.234	    57.7478
49214.258	    58.6510
49215.250	    60.4839
49216.258	    59.5238
49217.289	    58.1959
49218.305	    59.0551
49219.273	    61.9195
49220.242	    61.9195
49221.219	    61.4125
49222.141	    65.0759
49223.062	    65.0759
49224.008	    63.4921
49224.969	    62.4350
49225.922	    62.9591
49226.867	    63.4921
49227.883	    59.0551
49228.852	    61.9195
49229.867	    59.0551
49230.914	    57.3066
49231.953	    57.7478
49232.945	    60.4839
49233.992	    57.3066
49235.016	    58.6510
49235.984	    61.9195
49237.023	    57.7478
49238.039	    59.0551
49239.047	    59.5238
49240.016	    61.9195
49240.977	    62.4350
49241.961	    60.9756
49242.953	    60.4839
49243.930	    61.4125
49244.977	    57.3066
49246.039	    56.4972
49247.039	    60.0000
49248.109	    56.0748
49249.125	    59.0551
49250.102	    61.4125
49251.086	    60.9756
49252.062	    61.4125
49253.023	    62.4350
49253.953	    64.5161
49254.930	    61.4125
49255.891	    62.4350
49256.828	    63.9659
49257.805	    61.4125
49258.797	    60.4839
49259.734	    63.9659
49260.664	    64.5161
49261.602	    63.9659
49262.562	    62.4350
49263.500	    63.9659
49264.508	    59.5238
49265.523	    59.0551
49266.547	    58.6510
49267.555	    59.5238
49268.586	    58.1959
49269.648	    56.4972
49270.664	    59.0551
49271.695	    58.1959
49272.766	    56.0748
49273.820	    56.8720
49274.750	    64.5161
49275.688	    63.9659
49276.672	    60.9756
49277.648	    61.4125
49278.664	    59.0551
49279.742	    55.6586
49280.820	    55.6586
49281.852	    58.1959
49283.000	    52.2648
49284.164	    51.5464
49285.227	    56.4972
49286.328	    54.4465
49287.414	    55.2486
49288.469	    56.8720
49289.492	    58.6510
49290.539	    57.3066
49291.594	    56.8720
49292.594	    60.0000
49293.641	    57.3066
49294.680	    57.7478
49295.727	    57.3066
49296.719	    60.4839
49297.742	    58.6510
49298.781	    57.7478
49299.758	    61.4125
49300.773	    59.0551
49301.812	    57.7478
49302.859	    57.3066
49303.938	    55.6586
49305.047	    54.1028
49306.102	    56.8720
49307.125	    58.6510
49308.172	    57.3066
49309.219	    57.3066
49310.227	    59.5238
49311.273	    57.3066
49312.320	    57.3066
49313.359	    57.7478
49314.352	    60.4839
49315.375	    58.6510
49316.406	    58.1959
49317.391	    60.9756
49318.391	    60.0000
49319.414	    58.6510
49320.430	    59.0551
49321.375	    63.4921
49322.320	    63.4921
49323.258	    63.9659
49324.164	    66.2252
49325.109	    63.4921
49326.047	    63.9659
49326.969	    65.0759
49327.953	    60.9756
49328.930	    61.4125
49329.891	    62.4350
49330.883	    60.4839
49331.898	    59.0551
49332.891	    60.4839
49333.930	    57.7478
49334.984	    56.8720
49335.992	    59.5238
49337.047	    56.8720
49338.078	    58.1959
49339.109	    58.1959
49340.109	    60.0000
49341.148	    57.7478
49342.188	    57.7478
49343.156	    61.9195
49344.180	    58.6510
49345.211	    58.1959
49346.211	    60.0000
49347.250	    57.7478
49348.281	    58.1959
49349.289	    59.5238
49350.297	    59.5238
49351.289	    60.4839
49352.258	    61.9195
49353.273	    59.0551
49354.328	    56.8720
49355.359	    58.1959
49356.375	    59.0551
49357.461	    55.2486
49358.547	    55.2486
49359.578	    58.1959
49360.625	    57.3066
49361.711	    55.2486
49362.750	    57.7478
49363.758	    59.5238
49364.820	    56.4972
49365.875	    56.8720
49366.891	    59.0551
49367.938	    57.3066
49369.008	    56.0748
49370.031	    58.6510
49371.008	    61.4125
49371.984	    61.4125
49372.953	    61.9195
49373.898	    63.4921
49374.867	    61.9195
49375.805	    63.9659
49376.719	    65.6455
49377.648	    64.5161
49378.578	    64.5161
49379.453	    68.5714
49380.344	    67.3401
49381.219	    68.5714
49382.102	    67.9502
49382.977	    68.5714
49383.844	    69.2042
49384.727	    67.9502
49385.609	    67.9502
49386.523	    65.6455
49387.477	    62.9591
49388.461	    60.9756
49389.398	    63.9659
49390.398	    60.0000
49391.406	    59.5238
49392.398	    60.4839
49393.352	    62.9591
49394.359	    59.5238
49395.359	    60.0000
49396.352	    60.4839
49397.320	    61.9195
49398.328	    59.5238
49399.367	    57.7478
49400.367	    60.0000
49401.375	    59.5238
49402.414	    57.7478
49403.445	    58.1959
49404.414	    61.9195
49405.367	    62.9591
49406.383	    59.0551
49407.398	    59.0551
49408.383	    60.9756
49409.422	    57.7478
49410.453	    58.1959
49411.453	    60.0000
49412.445	    60.4839
49413.484	    57.7478
49414.531	    57.3066
49415.523	    60.4839
49416.539	    59.0551
49417.570	    58.1959
49418.617	    57.3066
49419.602	    60.9756
49420.656	    56.8720
49421.719	    56.4972
49422.758	    57.7478
49423.750	    60.4839
49424.781	    58.1959
49425.836	    56.8720
49426.789	    62.9591
49427.789	    60.0000
49428.844	    56.8720
49429.883	    57.7478
49430.867	    60.9756
49431.953	    55.2486
49433.039	    55.2486
49434.102	    56.4972
49435.094	    60.4839
49436.117	    58.6510
49437.148	    58.1959
49438.148	    60.0000
49439.133	    60.9756
49440.180	    57.3066
49441.242	    56.4972
49442.281	    57.7478
49443.234	    62.9591
49444.195	    62.4350
49445.172	    61.4125
49446.188	    59.0551
49447.172	    60.9756
49448.172	    60.0000
49449.195	    58.6510
49450.195	    60.0000
49451.180	    60.9756
49452.219	    57.7478
49453.273	    56.8720
49454.281	    59.5238
49455.344	    56.4972
49456.406	    56.4972
49457.445	    57.7478
49458.461	    59.0551
49459.539	    55.6586
49460.594	    56.8720
49461.625	    58.1959
49462.625	    60.0000
49463.617	    60.4839
49464.578	    62.4350
49465.523	    63.4921
49466.477	    62.9591
49467.422	    63.4921
49468.367	    63.4921
49469.328	    62.4350
49470.336	    59.5238
49471.352	    59.0551
49472.453	    54.4465
49473.539	    55.2486
49474.531	    60.4839
49475.586	    56.8720
49476.641	    56.8720
49477.656	    59.0551
49478.719	    56.4972
49479.781	    56.4972
49480.828	    57.3066
49481.820	    60.4839
49482.836	    59.0551
49483.867	    58.1959
49484.859	    60.4839
49485.898	    57.7478
49486.945	    57.3066
49487.961	    59.0551
49488.977	    59.0551
49490.008	    58.1959
49491.023	    59.0551
49492.031	    59.5238
49493.055	    58.6510
49494.016	    62.4350
49494.938	    65.0759
49495.859	    65.0759
49496.758	    66.8151
49497.656	    66.8151
49498.539	    67.9502
49499.453	    65.6455
49500.359	    66.2252
49501.312	    62.9591
49502.320	    59.5238
49503.312	    60.4839
49504.375	    56.4972
49505.461	    55.2486
49506.500	    57.7478
49507.516	    59.0551
49508.594	    55.6586
49509.648	    56.8720
49510.664	    59.0551
49511.750	    55.2486
49512.812	    56.4972
49513.859	    57.3066
49514.859	    60.0000
49515.891	    58.1959
49516.922	    58.1959
49517.914	    60.4839
49518.930	    59.0551
49519.953	    58.6510
49520.961	    59.5238
49521.938	    61.4125
49522.961	    58.6510
49523.984	    58.6510
49524.992	    59.5238
49525.969	    61.4125
49527.016	    57.3066
49528.016	    60.0000
49529.000	    60.9756
49530.000	    60.0000
49531.031	    58.1959
49532.062	    58.1959
49533.047	    60.9756
49534.070	    58.6510
49535.094	    58.6510
49536.055	    62.4350
49537.047	    60.4839
49538.039	    60.4839
49538.992	    62.9591
49539.969	    61.4125
49540.914	    63.4921
49541.836	    65.0759
49542.750	    65.6455
49543.656	    66.2252
49544.547	    67.3401
49545.445	    66.8151
49546.336	    67.3401
49547.242	    66.2252
49548.188	    63.4921
49549.125	    63.9659
49550.117	    60.4839
49551.102	    60.9756
49552.047	    63.4921
49553.070	    58.6510
49554.109	    57.7478
49555.125	    59.0551
49556.141	    59.0551
49557.125	    60.9756
49558.070	    63.4921
49559.008	    63.9659
49560.023	    59.0551
49561.055	    58.1959
49562.078	    58.6510
49563.125	    57.3066
49564.195	    56.0748
49565.258	    56.4972
49566.266	    59.5238
49567.336	    56.0748
49568.367	    58.1959
49569.375	    59.5238
49570.391	    59.0551
49571.430	    57.7478
49572.469	    57.7478
49573.453	    60.9756
49574.500	    57.3066
49575.539	    57.7478
49576.562	    58.6510
49577.562	    60.0000
49578.633	    56.0748
49579.711	    55.6586
49580.727	    59.0551
49581.781	    56.8720
49582.852	    56.0748
49583.914	    56.4972
49584.922	    59.5238
49585.977	    56.8720
49587.016	    57.7478
49588.023	    59.5238
49589.000	    61.4125
49590.008	    59.5238
49591.039	    58.1959
49592.070	    58.1959
49593.062	    60.4839
49594.125	    56.4972
49595.188	    56.4972
49596.203	    59.0551
49597.211	    59.5238
49598.258	    57.3066
49599.305	    57.3066
49600.328	    58.6510
49601.359	    58.1959
49602.398	    57.7478
49603.422	    58.6510
49604.375	    62.9591
49605.312	    63.9659
49606.258	    63.4921
49607.188	    64.5161
49608.133	    63.4921
49609.133	    60.0000
49610.156	    58.6510
49611.203	    57.3066
49612.406	    49.8753
49613.516	    54.1028
49614.531	    59.0551
49615.594	    56.4972
49616.602	    59.5238
49617.586	    60.9756
49618.625	    57.7478
49619.688	    56.4972
49620.742	    56.8720
49621.758	    59.0551
49622.812	    56.8720
49623.867	    56.8720
49624.898	    58.1959
49625.891	    60.4839
49626.953	    56.4972
49628.016	    56.4972
49629.055	    57.7478
49630.039	    60.9756
49631.070	    58.1959
49632.094	    58.6510
49633.070	    61.4125
49634.016	    63.4921
49635.016	    60.0000
49636.023	    59.5238
49636.992	    61.9195
49638.000	    59.5238
49639.031	    58.1959
49640.023	    60.4839
49641.008	    60.9756
49642.000	    60.4839
49642.961	    62.4350
49643.875	    65.6455
49644.812	    63.9659
49645.758	    63.4921
49646.695	    63.9659
49647.766	    56.0748
49648.898	    52.9568
49649.930	    58.1959
49651.023	    54.8446
49652.117	    54.8446
49653.148	    58.1959
49654.203	    56.8720
49655.242	    57.7478
49656.266	    58.6510
49657.242	    61.4125
49658.289	    57.3066
49659.320	    58.1959
49660.289	    61.9195
49661.320	    58.1959
49662.336	    59.0551
49663.336	    60.0000
49664.312	    61.4125
49665.320	    59.5238
49666.352	    58.1959
49667.383	    58.1959
49668.367	    60.9756
49669.414	    57.3066
49670.461	    57.3066
49671.492	    58.1959
49672.484	    60.4839
49673.531	    57.3066
49674.578	    57.3066
49675.570	    60.4839
49676.609	    57.7478
49677.664	    56.8720
49678.703	    57.7478
49679.719	    59.0551
49680.797	    55.6586
49681.859	    56.4972
49682.898	    57.7478
49683.898	    60.0000
49684.961	    56.4972
49686.039	    55.6586
49687.078	    57.7478
49688.062	    60.9756
49689.086	    58.6510
49690.062	    61.4125
49690.992	    64.5161
49691.906	    65.6455
49692.859	    62.9591
49693.789	    64.5161
49694.727	    63.9659
49695.766	    57.7478
49696.797	    58.1959
49697.773	    61.4125
49698.797	    58.6510
49699.836	    57.7478
49700.812	    61.4125
49701.828	    59.0551
49702.891	    56.4972
49703.922	    58.1959
49704.883	    62.4350
49705.922	    57.7478
49706.984	    56.4972
49708.023	    57.7478
49709.016	    60.4839
49710.070	    56.8720
49711.102	    58.1959
49712.125	    58.6510
49713.102	    61.4125
49714.117	    59.0551
49715.141	    58.6510
49716.164	    58.6510
49717.148	    60.9756
49718.172	    58.6510
49719.211	    57.7478
49720.242	    58.1959
49721.227	    60.9756
49722.258	    58.1959
49723.305	    57.3066
49724.336	    58.1959
49725.383	    57.3066
49726.461	    55.6586
49727.547	    55.2486
49728.586	    57.7478
49729.648	    56.4972
49730.695	    57.3066
49731.719	    58.6510
49732.695	    61.4125
49733.727	    58.1959
49734.789	    56.4972
49735.797	    59.5238
49736.836	    57.7478
49737.914	    55.6586
49738.984	    56.0748
49740.008	    58.6510
49741.094	    55.2486
49742.172	    55.6586
49743.188	    59.0551
49744.203	    59.0551
49745.219	    59.0551
49746.227	    59.5238
49747.219	    60.4839
49748.242	    58.6510
49749.281	    57.7478
49750.328	    57.3066
49751.344	    59.0551
49752.344	    60.0000
49753.359	    59.0551
49754.336	    61.4125
49755.336	    60.0000
49756.375	    57.7478
49757.430	    56.8720
49758.430	    60.0000
49759.500	    56.0748
49760.609	    54.1028
49761.648	    57.7478
49762.609	    62.4350
49763.656	    57.3066
49764.703	    57.3066
49765.695	    60.4839
49766.727	    58.1959
49767.773	    57.3066
49768.773	    60.0000
49769.742	    61.9195
49770.773	    58.1959
49771.820	    57.3066
49772.805	    60.9756
49773.812	    59.5238
49774.883	    56.0748
49775.953	    56.0748
49776.984	    58.1959
49778.055	    56.0748
49779.141	    55.2486
49780.188	    57.3066
49781.180	    60.4839
49782.227	    57.3066
49783.273	    57.3066
49784.273	    60.0000
49785.297	    58.6510
49786.344	    57.3066
49787.398	    56.8720
49788.398	    60.0000
49789.430	    58.1959
49790.492	    56.4972
49791.539	    57.3066
49792.539	    60.0000
49793.586	    57.3066
49794.617	    58.1959
49795.641	    58.6510
49796.555	    65.6455
49797.492	    63.9659
49798.445	    62.9591
49799.367	    65.0759
49800.352	    60.9756
49801.406	    56.8720
49802.414	    59.5238
49803.492	    55.6586
49804.586	    54.8446
49805.672	    55.2486
49806.695	    58.6510
49807.766	    56.0748
49808.836	    56.0748
49809.883	    57.3066
49810.875	    60.4839
49811.930	    56.8720
49813.008	    55.6586
49814.070	    56.4972
49815.062	    60.4839
49816.141	    55.6586
49817.188	    57.3066
49818.234	    57.3066
49819.250	    59.0551
49820.281	    58.1959
49821.320	    57.7478
49822.344	    58.6510
49823.352	    59.5238
49824.375	    58.6510
49825.461	    55.2486
49826.539	    55.6586
49827.555	    59.0551
49828.594	    57.7478
49829.648	    56.8720
49830.727	    55.6586
49831.734	    59.5238
49832.797	    56.4972
49833.883	    55.2486
49834.930	    57.3066
49835.938	    59.5238
49836.945	    59.5238
49837.961	    59.0551
49838.969	    59.5238
49839.953	    60.9756
49840.953	    60.0000
49841.992	    57.7478
49843.023	    58.1959
49844.000	    61.4125
49845.031	    58.1959
49846.078	    57.3066
49847.102	    58.6510
49848.125	    58.6510
49849.172	    57.3066
49850.227	    56.8720
49851.227	    60.0000
49852.227	    60.0000
49853.273	    57.3066
49854.305	    58.1959
49855.305	    60.0000
49856.234	    64.5161
49857.172	    63.9659
49858.125	    62.9591
49859.055	    64.5161
49860.102	    57.3066
49861.289	    50.5051
49862.422	    52.9568
49863.531	    54.1028
49864.680	    52.2648
49865.812	    52.9568
49866.844	    58.1959
49867.922	    55.6586
49868.992	    56.0748
49870.039	    57.3066
49871.039	    60.0000
49872.078	    57.7478
49873.133	    56.8720
49874.180	    57.3066
49875.180	    60.0000
49876.227	    57.3066
49877.273	    57.3066
49878.297	    58.6510
49879.297	    60.0000
49880.336	    57.7478
49881.375	    57.7478
49882.422	    57.3066
49883.414	    60.4839
49884.445	    58.1959
49885.500	    56.8720
49886.508	    59.5238
49887.508	    60.0000
49888.539	    58.1959
49889.602	    56.4972
49890.602	    60.0000
49891.578	    61.4125
49892.602	    58.6510
49893.625	    58.6510
49894.609	    60.9756
49895.641	    58.1959
49896.711	    56.0748
49897.773	    56.4972
49898.781	    59.5238
49899.859	    55.6586
49900.914	    56.8720
49901.969	    56.8720
49902.977	    59.5238
49904.016	    57.7478
49905.070	    56.8720
49906.078	    59.5238
49907.031	    62.9591
49908.016	    60.9756
49909.039	    58.6510
49910.062	    58.6510
49911.047	    60.9756
49912.102	    56.8720
49913.172	    56.0748
49914.188	    59.0551
49915.234	    57.3066
49916.297	    56.4972
49917.336	    57.7478
49918.320	    60.9756
49919.328	    59.5238
49920.367	    57.7478
49921.336	    61.9195
49922.273	    63.9659
49923.219	    63.4921
49924.148	    64.5161
49925.055	    66.2252
49926.062	    59.5238
49927.156	    54.8446
49928.266	    54.1028
49929.289	    58.6510
49930.406	    53.7153
49931.516	    54.1028
49932.578	    56.4972
49933.578	    60.0000
49934.586	    59.5238
49935.617	    58.1959
49936.656	    57.7478
49937.672	    59.0551
49938.734	    56.4972
49939.828	    54.8446
49940.922	    54.8446
49941.938	    59.0551
49943.008	    56.0748
49944.078	    56.0748
49945.109	    58.1959
49946.102	    60.4839
49947.164	    56.4972
49948.242	    55.6586
49949.305	    56.4972
49950.328	    58.6510
49951.398	    56.0748
49952.445	    57.3066
49953.477	    58.1959
49954.453	    61.4125
49955.453	    60.0000
49956.445	    60.4839
49957.398	    62.9591
49958.461	    56.4972
49959.578	    53.7153
49960.664	    55.2486
49961.703	    57.7478
49962.758	    56.8720
49963.781	    58.6510
49964.750	    61.9195
49965.758	    59.5238
49966.766	    59.5238
49967.781	    59.0551
49968.727	    63.4921
49969.734	    59.5238
49970.766	    58.1959
49971.797	    58.1959
49972.773	    61.4125
49973.797	    58.6510
49974.828	    58.1959
49975.852	    58.6510
49976.820	    61.9195
49977.828	    59.5238
49978.812	    60.9756
49979.742	    64.5161
49980.719	    61.4125
49981.727	    59.5238
49982.758	    58.1959
49983.742	    60.9756
49984.758	    59.0551
49985.805	    57.3066
49986.797	    60.4839
49987.727	    64.5161
49988.672	    63.4921
49989.578	    66.2252
49990.477	    66.8151
49991.375	    66.8151
49992.266	    67.3401
49993.203	    63.9659
49994.117	    65.6455
49995.047	    64.5161
49995.969	    65.0759
49996.844	    68.5714
49997.727	    67.9502
49998.570	    71.0900
49999.430	    69.8487
50000.258	    72.4638
50001.078	    73.1707
50001.891	    73.8916
50002.672	    76.8246
50003.477	    74.5342
50004.266	    76.0456
50005.047	    76.8246
50005.812	    78.3290
50006.602	    76.0456
50007.367	    78.3290
50008.133	    78.3290
50008.898	    78.3290
50009.664	    78.3290
50010.422	    79.1557
50011.203	    76.8246
50011.977	    77.6197
50012.766	    76.0456
50013.586	    73.1707
50014.453	    69.2042
50015.406	    62.9591
50016.336	    64.5161
50017.383	    57.3066
50018.438	    56.8720
50019.453	    59.0551
50020.516	    56.4972
50021.594	    55.6586
50022.617	    58.6510
50023.633	    59.0551
50024.695	    56.4972
50025.727	    58.1959
50026.727	    60.0000
50027.773	    57.3066
50028.812	    57.7478
50029.836	    58.6510
50030.898	    56.4972
50031.977	    55.6586
50033.031	    56.8720
50034.070	    57.7478
50035.211	    52.5854
50036.336	    53.3333
50037.383	    57.3066
50038.469	    55.2486
50039.531	    56.4972
50040.562	    58.1959
50041.594	    58.1959
50042.664	    56.0748
50043.672	    59.5238
50044.602	    64.5161
50045.570	    61.9195
50046.508	    63.9659
50047.477	    61.9195
50048.406	    64.5161
50049.320	    65.6455
50050.258	    63.9659
50051.156	    66.8151
50052.086	    64.5161
50053.047	    62.4350
50054.031	    60.9756
50055.070	    57.7478
50056.133	    56.4972
50057.180	    57.3066
50058.266	    55.2486
50059.359	    54.8446
50060.430	    56.0748
50061.570	    52.5854
50062.688	    53.7153
50063.734	    57.3066
50064.805	    56.0748
50065.906	    54.4465
50067.000	    54.8446
50068.055	    56.8720
50069.172	    53.7153
50070.148	    61.4125
50071.078	    64.5161
50072.039	    62.4350
50072.984	    63.4921
50073.906	    65.0759
50074.828	    65.0759
50075.719	    67.3401
50076.625	    66.2252
50077.602	    61.4125
50078.648	    57.3066
50079.703	    56.8720
50080.820	    53.7153
50081.977	    51.9031
50083.086	    54.1028
50084.164	    55.6586
50085.281	    53.7153
50086.297	    59.0551
50087.258	    62.4350
50088.289	    58.1959
50089.336	    57.3066
50090.352	    59.0551
50091.492	    52.5854
50092.617	    53.3333
50093.680	    56.4972
50094.734	    56.8720
50095.805	    56.0748
50096.852	    57.3066
50097.883	    58.1959
50098.875	    60.4839
50099.891	    59.0551
50100.875	    60.9756
50101.875	    60.0000
50102.852	    61.4125
50103.805	    62.9591
50104.773	    61.9195
50105.742	    61.9195
50106.695	    62.9591
50107.711	    59.0551
50108.797	    55.2486
50109.844	    57.3066
50110.898	    56.8720
50111.953	    56.8720
50112.961	    59.5238
50114.047	    55.2486
50115.141	    54.8446
50116.203	    56.4972
50117.250	    57.3066
50118.344	    54.8446
50119.391	    57.3066
50120.414	    58.6510
50121.445	    58.1959
50122.453	    59.5238
50123.430	    61.4125
50124.391	    62.4350
50125.352	    62.4350
50126.328	    61.4125
50127.398	    56.0748
50128.516	    53.7153
50129.664	    52.2648
50130.852	    50.5051
50131.945	    54.8446
50133.023	    55.6586
50134.117	    54.8446
50135.219	    54.4465
50136.266	    57.3066
50137.289	    58.6510
50138.336	    57.3066
50139.344	    59.5238
50140.367	    58.6510
50141.430	    56.4972
50142.484	    56.8720
50143.562	    55.6586
50144.656	    54.8446
50145.703	    57.3066
50146.750	    57.3066
50147.750	    60.0000
50148.711	    62.4350
50149.688	    61.4125
50150.641	    62.9591
50151.578	    63.9659
50152.547	    61.9195
50153.484	    63.9659
50154.461	    61.4125
50155.461	    60.0000
50156.477	    59.0551
50157.539	    56.4972
50158.633	    54.8446
50159.648	    59.0551
50160.672	    58.6510
50161.711	    57.7478
50162.758	    57.3066
50163.852	    54.8446
50164.969	    53.7153
50166.062	    54.8446
50167.102	    57.7478
50168.203	    54.4465
50169.297	    54.8446
50170.352	    56.8720
50171.398	    57.3066
50172.469	    56.0748
50173.516	    57.3066
50174.531	    59.0551
50175.586	    56.8720
50176.641	    56.8720
50177.695	    56.8720
50178.727	    58.1959
50179.797	    56.0748
50180.875	    55.6586
50181.938	    56.4972
50182.977	    57.7478
50184.078	    54.4465
50185.141	    56.4972
50186.172	    58.1959
50187.227	    56.8720
50188.289	    56.4972
50189.320	    58.1959
50190.305	    60.9756
50191.312	    59.5238
50192.336	    58.6510
50193.312	    61.4125
50194.234	    65.0759
50195.148	    65.6455
50196.070	    65.0759
50197.078	    59.5238
50198.227	    52.2648
50199.461	    48.6224
50200.672	    49.5458
50201.812	    52.5854
50202.914	    54.4465
50204.031	    53.7153
50205.094	    56.4972
50206.133	    57.7478
50207.117	    60.9756
50208.133	    59.0551
50209.133	    60.0000
50210.164	    58.1959
50211.227	    56.4972
50212.258	    58.1959
50213.289	    58.1959
50214.391	    54.4465
50215.445	    56.8720
50216.484	    57.7478
50217.586	    54.4465
50218.656	    56.0748
50219.695	    57.7478
50220.766	    56.0748
50221.844	    55.6586
50222.930	    55.2486
50223.945	    59.0551
50224.961	    59.0551
50226.008	    57.3066
50227.031	    58.6510
50228.094	    56.4972
50229.172	    55.6586
50230.234	    56.4972
50231.273	    57.7478
50232.344	    56.0748
50233.430	    55.2486
50234.492	    56.4972
50235.531	    57.7478
50236.633	    54.4465
50237.727	    54.8446
50238.773	    57.3066
50239.898	    53.3333
50241.008	    54.1028
50242.031	    58.6510
50243.086	    56.8720
50244.086	    60.0000
50245.055	    61.9195
50246.008	    62.9591
50246.977	    61.9195
50247.961	    60.9756
50248.922	    62.4350
50249.891	    61.9195
50250.930	    57.7478
50251.938	    59.5238
50252.883	    63.4921
50253.875	    60.4839
50254.875	    60.0000
50255.852	    61.4125
50256.812	    62.4350
50257.812	    60.0000
50258.836	    58.6510
50259.836	    60.0000
50260.883	    57.3066
50261.953	    56.0748
50262.992	    57.7478
50264.008	    59.0551
50265.031	    58.6510
50266.062	    58.1959
50267.047	    60.9756
50268.102	    56.8720
50269.172	    56.0748
50270.219	    57.3066
50271.234	    59.0551
50272.320	    55.2486
50273.344	    58.6510
50274.305	    62.4350
50275.250	    63.4921
50276.234	    60.9756
50277.281	    57.3066
50278.312	    58.1959
50279.445	    52.9568
50280.672	    48.8998
50281.828	    51.9031
50282.930	    54.4465
50284.125	    50.2092
50285.305	    50.8475
50286.383	    55.6586
50287.508	    53.3333
50288.602	    54.8446
50289.656	    56.8720
50290.672	    59.0551
50291.742	    56.0748
50292.773	    58.1959
50293.828	    56.8720
50294.828	    60.0000
50295.930	    54.4465
50297.078	    52.2648
50298.156	    55.6586
50299.312	    51.9031
50300.383	    56.0748
50301.430	    57.3066
50302.484	    56.8720
50303.562	    55.6586
50304.648	    55.2486
50305.695	    57.3066
50306.773	    55.6586
50307.859	    55.2486
50308.945	    55.2486
50309.992	    57.3066
50311.086	    54.8446
50312.164	    55.6586
50313.227	    56.4972
50314.266	    57.7478
50315.359	    54.8446
50316.453	    54.8446
50317.516	    56.4972
50318.562	    57.3066
50319.688	    53.3333
50320.797	    54.1028
50321.867	    56.0748
50322.945	    55.6586
50324.039	    54.8446
50325.125	    55.2486
50326.156	    58.1959
50327.227	    56.0748
50328.312	    55.2486
50329.336	    58.6510
50330.445	    54.1028
50331.562	    53.7153
50332.633	    56.0748
50333.680	    57.3066
50334.734	    56.8720
50335.797	    56.4972
50336.805	    59.5238
50337.852	    57.3066
50338.906	    56.8720
50339.953	    57.3066
50340.938	    60.9756
50341.992	    56.8720
50343.039	    57.3066
50344.047	    59.5238
50345.047	    60.0000
50346.141	    54.8446
50347.227	    55.2486
50348.219	    60.4839
50349.180	    62.4350
50350.156	    61.4125
50351.172	    59.0551
50352.188	    59.0551
50353.289	    54.4465
50354.406	    53.7153
50355.508	    54.4465
50356.578	    56.0748
50357.680	    54.4465
50358.812	    52.9568
50359.875	    56.4972
50360.992	    53.7153
50362.109	    53.7153
50363.211	    54.4465
50364.258	    57.3066
50365.328	    56.0748
50366.414	    55.2486
50367.484	    56.0748
50368.523	    57.7478
50369.617	    54.8446
50370.727	    54.1028
50371.789	    56.4972
50372.820	    58.1959
50373.906	    55.2486
50374.992	    55.2486
50376.039	    57.3066
50377.039	    60.0000
50378.117	    55.6586
50379.203	    55.2486
50380.273	    56.0748
50381.305	    58.1959
50382.375	    56.0748
50383.477	    54.4465
50384.547	    56.0748
50385.578	    58.1959
50386.680	    54.4465
50387.727	    57.3066
50388.703	    61.4125
50389.648	    63.4921
50390.672	    58.6510
50391.742	    56.0748
50392.805	    56.4972
50393.984	    50.8475
50395.188	    49.8753
50396.312	    53.3333
50397.438	    53.3333
50398.555	    53.7153
50399.648	    54.8446
50400.680	    58.1959
50401.773	    54.8446
50402.883	    54.1028
50403.969	    55.2486
50404.984	    59.0551
50406.047	    56.4972
50407.133	    55.2486
50408.227	    54.8446
50409.266	    57.7478
50410.375	    54.1028
50411.531	    51.9031
50412.656	    53.3333
50413.719	    56.4972
50414.852	    52.9568
50415.961	    54.1028
50416.992	    58.1959
50418.109	    53.7153
50419.234	    53.3333
50420.336	    54.4465
50421.375	    57.7478
50422.469	    54.8446
50423.586	    53.7153
50424.672	    55.2486
50425.688	    59.0551
50426.695	    59.5238
50427.438	    80.8625
50428.672	    48.6224
50429.617	    63.4921
50430.609	    60.4839
50431.641	    58.1959
50432.695	    56.8720
50433.750	    56.8720
50434.906	    51.9031
50436.070	    51.5464
50437.180	    54.1028
50438.344	    51.5464
50439.484	    52.5854
50440.562	    55.6586
50441.656	    54.8446
50442.781	    53.3333
50443.852	    56.0748
50444.883	    58.1959
50445.984	    54.4465
50447.078	    54.8446
50448.125	    57.3066
50449.219	    54.8446
50450.305	    55.2486
50451.359	    56.8720
50452.383	    58.6510
50453.438	    56.8720
50454.477	    57.7478
50455.445	    61.9195
50456.453	    59.5238
50457.547	    54.8446
50458.672	    53.3333
50459.758	    55.2486
50460.891	    52.9568
50462.094	    49.8753
50463.203	    54.1028
50464.273	    56.0748
50465.398	    53.3333
50466.484	    55.2486
50467.539	    56.8720
50468.578	    57.7478
50469.656	    55.6586
50470.719	    56.4972
50471.734	    59.0551
50472.820	    55.2486
50473.930	    54.1028
50475.000	    56.0748
50476.062	    56.4972
50477.102	    57.7478
50478.156	    56.8720
50479.211	    56.8720
50480.234	    58.6510
50481.312	    55.6586
50482.398	    55.2486
50483.461	    56.4972
50484.609	    52.2648
50485.742	    52.9568
50486.836	    54.8446
50487.961	    53.3333
50489.102	    52.5854
50490.164	    56.4972
50491.234	    56.0748
50492.352	    53.7153
50493.445	    54.8446
50494.492	    57.3066
50495.547	    56.8720
50496.547	    60.0000
50497.500	    62.9591
50498.445	    63.4921
50499.445	    60.0000
50500.531	    55.2486
50501.602	    56.0748
50502.844	    48.3092
50504.078	    48.6224
50505.227	    52.2648
50506.320	    54.8446
50507.453	    52.9568
50508.555	    54.4465
50509.602	    57.3066
50510.672	    56.0748
50511.742	    56.0748
50512.805	    56.4972
50513.812	    59.5238
50514.859	    57.3066
50515.914	    56.8720
50516.938	    58.6510
50517.938	    60.0000
50519.000	    56.4972
50520.062	    56.4972
50521.117	    56.8720
50522.156	    57.7478
50523.266	    54.1028
50524.375	    54.1028
50525.414	    57.7478
50526.492	    55.6586
50527.562	    56.0748
50528.625	    56.4972
50529.656	    58.1959
50530.750	    54.8446
50531.758	    59.5238
50532.727	    61.9195
50533.664	    63.9659
50534.664	    60.0000
50535.680	    59.0551
50536.703	    58.6510
50537.805	    54.4465
50538.930	    53.3333
50540.000	    56.0748
50541.078	    55.6586
50542.164	    55.2486
50543.227	    56.4972
50544.273	    57.3066
50545.375	    54.4465
50546.477	    54.4465
50547.555	    55.6586
50548.695	    52.5854
50549.789	    54.8446
50550.859	    56.0748
50551.906	    57.3066
50552.977	    56.0748
50554.055	    55.6586
50555.086	    58.1959
50556.125	    57.7478
50557.156	    58.1959
50558.133	    61.4125
50559.078	    63.4921
50560.078	    60.0000
50561.148	    56.0748
50562.219	    56.0748
50563.438	    49.2207
50564.664	    48.8998
50565.789	    53.3333
50566.945	    51.9031
50568.117	    51.1945
50569.258	    52.5854
50570.328	    56.0748
50571.414	    55.2486
50572.492	    55.6586
50573.562	    56.0748
50574.578	    59.0551
50575.648	    56.0748
50576.742	    54.8446
50577.773	    58.1959
50578.789	    59.0551
50579.875	    55.2486
50580.961	    55.2486
50582.008	    57.3066
50583.109	    54.4465
50584.195	    55.2486
50585.234	    57.7478
50586.320	    55.2486
50587.414	    54.8446
50588.477	    56.4972
50589.508	    58.1959
50590.562	    56.8720
50591.570	    59.5238
50592.570	    60.0000
50593.648	    55.6586
50594.703	    56.8720
50595.742	    57.7478
50596.836	    54.8446
50597.906	    56.0748
50598.930	    58.6510
50600.039	    54.1028
50601.141	    54.4465
50602.234	    54.8446
50603.266	    58.1959
50604.398	    52.9568
50605.555	    51.9031
50606.664	    54.1028
50607.727	    56.4972
50608.859	    52.9568
50609.977	    53.7153
50611.055	    55.6586
50612.109	    56.8720
50613.195	    55.2486
50614.258	    56.4972
50615.281	    58.6510
50616.391	    54.1028
50617.477	    55.2486
50618.531	    56.8720
50619.617	    55.2486
50620.688	    56.0748
50621.750	    56.4972
50622.789	    57.7478
50623.867	    55.6586
50624.953	    55.2486
50625.992	    57.7478
50626.961	    61.9195
50627.930	    61.9195
50628.906	    61.4125
50629.898	    60.4839
50630.969	    56.0748
50632.117	    52.2648
50633.180	    56.4972
50634.219	    57.7478
50635.367	    52.2648
50636.477	    54.1028
50637.539	    56.4972
50638.633	    54.8446
50639.734	    54.4465
50640.781	    57.3066
50641.805	    58.6510
50642.906	    54.4465
50644.008	    54.4465
50645.070	    56.4972
50646.156	    55.2486
50647.250	    54.8446
50648.352	    54.4465
50649.398	    57.3066
50650.492	    54.8446
50651.578	    55.2486
50652.641	    56.4972
50653.648	    59.5238
50654.719	    56.0748
50655.805	    55.2486
50656.867	    56.4972
50657.891	    58.6510
50658.977	    55.2486
50660.047	    56.0748
50661.094	    57.3066
50662.156	    56.4972
50663.273	    53.7153
50664.383	    54.1028
50665.445	    56.4972
50666.555	    54.1028
50667.625	    56.0748
50668.656	    58.1959
50669.688	    58.1959
50670.727	    57.7478
50671.727	    60.0000
50672.742	    59.0551
50673.766	    58.6510
50674.789	    58.6510
50675.781	    60.4839
50676.859	    55.6586
50677.930	    56.0748
50678.914	    60.9756
50679.906	    60.4839
50680.898	    60.4839
50681.859	    62.4350
50682.867	    59.5238
50683.984	    53.7153
50685.125	    52.5854
50686.172	    57.3066
50687.289	    53.7153
50688.414	    53.3333
50689.453	    57.7478
50690.594	    52.5854
50691.742	    52.2648
50692.883	    52.5854
50693.953	    56.0748
50695.109	    51.9031
50696.242	    52.9568
50697.328	    55.2486
50698.461	    52.9568
50699.570	    54.1028
50700.656	    55.2486
50701.695	    57.7478
50702.797	    54.4465
50703.898	    54.4465
50704.961	    56.4972
50706.016	    56.8720
50707.133	    53.7153
50708.266	    52.9568
50709.328	    56.4972
50710.438	    54.1028
50711.531	    54.8446
50712.578	    57.3066
50713.609	    58.1959
50714.695	    55.2486
50715.797	    54.4465
50716.836	    57.7478
50717.867	    58.1959
50719.047	    50.8475
50720.211	    51.5464
50721.312	    54.4465
50722.406	    54.8446
50723.547	    52.5854
50724.648	    54.4465
50725.695	    57.3066
50726.789	    54.8446
50727.891	    54.4465
50728.992	    54.4465
50730.039	    57.3066
50731.094	    56.8720
50732.102	    59.5238
50733.125	    58.6510
50734.141	    59.0551
50735.266	    53.3333
50736.430	    51.5464
50737.602	    51.1945
50738.742	    52.5854
50739.930	    50.5051
50741.078	    52.2648
50742.148	    56.0748
50743.234	    55.2486
50744.312	    55.6586
50745.352	    57.7478
50746.344	    60.4839
50747.414	    56.0748
50748.469	    56.8720
50749.492	    58.6510
50750.602	    54.1028
50751.711	    54.1028
50752.773	    56.4972
50753.875	    54.4465
50754.969	    54.8446
50756.039	    56.0748
50757.078	    57.7478
50758.133	    56.8720
50759.156	    58.6510
50760.117	    62.4350
50761.055	    63.9659
50762.008	    62.9591
50762.969	    62.4350
50764.086	    53.7153
50765.555	    40.8441
50766.766	    49.5458
50768.023	    47.6948
50769.273	    48.0000
50770.414	    52.5854
50771.492	    55.6586
50772.688	    50.2092
50773.836	    52.2648
50774.914	    55.6586
50776.047	    52.9568
50777.180	    52.9568
50778.289	    54.1028
50779.312	    58.6510
50780.406	    54.8446
50781.477	    56.0748
50782.508	    58.1959
50783.516	    59.5238
50784.562	    57.3066
50785.625	    56.4972
50786.703	    55.6586
50787.719	    59.0551
50788.805	    55.2486
50789.891	    55.2486
50790.930	    57.7478
50791.953	    58.6510
50793.031	    55.6586
50794.070	    57.7478
50795.125	    56.8720
50796.195	    56.0748
50797.242	    57.3066
50798.273	    58.1959
50799.344	    56.0748
50800.414	    56.0748
50801.438	    58.6510
50802.477	    57.7478
50803.562	    55.2486
50804.633	    56.0748
50805.680	    57.3066
50806.750	    56.0748
50807.820	    56.0748
50808.828	    59.5238
50809.898	    56.0748
50811.008	    54.1028
50812.039	    58.1959
50813.094	    56.8720
50814.203	    54.1028
50815.336	    52.9568
50816.383	    57.3066
50817.461	    55.6586
50818.594	    52.9568
50819.672	    55.6586
50820.805	    52.9568
50821.906	    54.4465
50822.938	    58.1959
50823.891	    62.9591
50824.875	    60.9756
50825.891	    59.0551
50826.938	    57.3066
50828.016	    55.6586
50829.266	    48.0000
50830.547	    46.8384
50831.695	    52.2648
50832.898	    49.8753
50834.102	    49.8753
50835.234	    52.9568
50836.375	    52.5854
50837.531	    51.9031
50838.633	    54.4465
50839.672	    57.7478
50840.742	    56.0748
50841.828	    55.2486
50842.891	    56.4972
50843.977	    55.2486
50845.062	    55.2486
50846.148	    55.2486
50847.180	    58.1959
50848.266	    55.2486
50849.383	    53.7153
50850.469	    55.2486
50851.508	    57.7478
50852.594	    55.2486
50853.703	    54.1028
50854.789	    55.2486
50855.828	    57.7478
50856.922	    54.8446
50858.008	    55.2486
50859.094	    55.2486
50860.133	    57.7478
50861.234	    54.4465
50862.344	    54.1028
50863.383	    57.7478
50864.438	    56.8720
50865.523	    55.2486
50866.602	    55.6586
50867.641	    57.7478
50868.734	    54.8446
50869.812	    55.6586
50870.875	    56.4972
50871.906	    58.1959
50873.016	    54.1028
50874.117	    54.4465
50875.195	    55.6586
50876.250	    56.8720
50877.328	    55.6586
50878.406	    55.6586
50879.469	    56.4972
50880.555	    55.2486
50881.602	    57.3066
50882.672	    56.0748
50883.703	    58.1959
50884.812	    54.1028
50885.953	    52.5854
50887.031	    55.6586
50888.133	    54.4465
50889.219	    55.2486
50890.234	    59.0551
50891.312	    55.6586
50892.383	    56.0748
50893.438	    56.8720
50894.500	    56.4972
50895.641	    52.5854
50896.758	    53.7153
50897.781	    58.6510
50898.828	    57.3066
50899.875	    57.3066
50900.875	    60.0000
50901.867	    60.4839
50902.961	    54.8446
50904.062	    54.4465
50905.086	    58.6510
50906.109	    58.6510
50907.133	    58.6510
50908.156	    58.6510
50909.219	    56.4972
50910.352	    52.9568
50911.461	    54.1028
50912.523	    56.4972
50913.648	    53.3333
50914.789	    52.5854
50915.891	    54.4465
50916.953	    56.4972
50918.047	    54.8446
50919.156	    54.1028
50920.211	    56.8720
50921.305	    54.8446
50922.352	    57.3066
50923.344	    60.4839
50924.344	    60.0000
50925.367	    58.6510
50926.383	    59.0551
50927.453	    56.0748
50928.711	    47.6948
50929.906	    50.2092
50930.984	    55.6586
50932.109	    53.3333
