25201.781	    54.4465
25202.859	    55.6586
25204.109	    48.0000
25205.320	    49.5458
25206.500	    50.8475
25207.555	    56.8720
25208.609	    56.8720
25209.773	    51.5464
25210.961	    50.5051
25212.102	    52.5854
25213.195	    54.8446
25214.227	    58.1959
25215.398	    51.1945
25216.617	    49.2207
25217.812	    50.2092
25218.922	    54.1028
25219.969	    57.3066
25221.133	    51.5464
25222.320	    50.5051
25223.508	    50.5051
25224.656	    52.2648
25225.734	    55.6586
25226.961	    48.8998
25228.188	    48.8998
25229.359	    51.1945
25230.438	    55.6586
25231.414	    61.4125
25232.539	    53.3333
25233.672	    52.9568
25234.828	    51.9031
25235.891	    56.4972
25236.930	    57.7478
25238.047	    53.7153
25239.219	    51.1945
25240.398	    50.8475
25241.500	    54.4465
25242.539	    57.7478
25243.719	    50.8475
25244.930	    49.5458
25246.102	    51.1945
25247.188	    55.2486
25248.180	    60.4839
25249.352	    51.1945
25250.516	    51.5464
25251.664	    52.2648
25252.711	    57.3066
25253.688	    61.4125
25254.844	    51.9031
25256.055	    49.5458
25257.250	    50.2092
25258.297	    57.3066
25259.258	    62.4350
25260.305	    57.3066
25261.492	    50.5051
25262.664	    51.1945
25263.781	    53.7153
25264.891	    54.1028
25266.125	    48.6224
25267.328	    49.8753
25268.500	    51.1945
25269.547	    57.3066
25270.492	    63.4921
25271.555	    56.4972
25272.680	    53.3333
25273.711	    58.1959
25274.648	    63.9659
25275.586	    63.9659
25276.859	    47.1328
25278.125	    47.3934
25279.312	    50.5051
25280.484	    51.1945
25281.766	    46.8384
25283.000	    48.6224
25284.195	    50.2092
25285.297	    54.4465
25286.398	    54.4465
25287.609	    49.5458
25288.812	    49.8753
25289.969	    51.9031
25291.039	    56.0748
25292.000	    62.4350
25292.891	    67.3401
25293.984	    54.8446
25295.141	    51.9031
25296.320	    50.8475
25297.422	    54.4465
25298.656	    48.6224
25299.906	    48.0000
25301.117	    49.5458
25302.211	    54.8446
25303.312	    54.4465
25304.492	    50.8475
25305.656	    51.5464
25306.703	    57.3066
25307.641	    63.9659
25308.703	    56.4972
25309.938	    48.6224
25311.156	    49.2207
25312.289	    52.9568
25313.484	    50.2092
25314.688	    49.8753
25315.859	    51.1945
25316.977	    53.7153
25318.031	    56.8720
25319.219	    50.5051
25320.398	    50.8475
25321.570	    51.1945
25322.688	    53.7153
25323.773	    55.2486
25324.953	    50.8475
25326.156	    49.8753
25327.312	    51.9031
25328.422	    54.1028
25329.492	    56.0748
25330.711	    49.2207
25331.930	    49.2207
25333.086	    51.9031
25334.133	    57.3066
25335.211	    55.6586
25336.383	    51.1945
25337.570	    50.5051
25338.719	    52.2648
25339.828	    54.1028
25340.891	    56.4972
25342.062	    51.1945
25343.250	    50.5051
25344.391	    52.5854
25345.469	    55.6586
25346.516	    57.3066
25347.727	    49.5458
25348.922	    50.2092
25350.094	    51.1945
25351.227	    52.9568
25352.266	    57.7478
25353.422	    51.9031
25354.625	    49.8753
25355.797	    51.1945
25356.883	    55.2486
25357.914	    58.1959
25359.008	    54.8446
25360.109	    54.4465
25361.125	    59.0551
25362.055	    64.5161
25362.969	    65.6455
25364.180	    49.5458
25365.391	    49.5458
25366.555	    51.5464
25367.648	    54.8446
25368.898	    48.0000
25370.164	    47.3934
25371.359	    50.2092
25372.445	    55.2486
25373.570	    53.3333
25374.781	    49.5458
25375.977	    50.2092
25377.117	    52.5854
25378.203	    55.2486
25379.281	    55.6586
25380.477	    50.2092
25381.688	    49.5458
25382.875	    50.5051
25383.977	    54.4465
25385.000	    58.6510
25386.133	    52.9568
25387.359	    48.8998
25388.531	    51.1945
25389.609	    55.6586
25390.688	    55.6586
25391.930	    48.3092
25393.188	    47.6948
25394.336	    52.2648
25395.414	    55.6586
25396.508	    54.8446
25397.680	    51.1945
25398.875	    50.2092
25400.031	    51.9031
25401.141	    54.1028
25402.336	    50.2092
25403.547	    49.5458
25404.742	    50.2092
25405.852	    54.1028
25406.961	    54.1028
25408.180	    49.2207
25409.367	    50.5051
25410.484	    53.7153
25411.539	    56.8720
25412.734	    50.2092
25413.953	    49.2207
25415.133	    50.8475
25416.227	    54.8446
25417.266	    57.7478
25418.461	    50.2092
25419.664	    49.8753
25420.852	    50.5051
25421.969	    53.7153
25423.016	    57.3066
25424.227	    49.5458
25425.438	    49.5458
25426.625	    50.5051
25427.758	    52.9568
25428.773	    59.0551
25429.930	    51.9031
25431.125	    50.2092
25432.305	    50.8475
25433.445	    52.5854
25434.555	    54.1028
25435.742	    50.5051
25436.984	    48.3092
25438.164	    50.8475
25439.227	    56.4972
25440.336	    54.1028
25441.523	    50.5051
25442.727	    49.8753
25443.883	    51.9031
25444.969	    55.2486
25446.023	    56.8720
25447.211	    50.5051
25448.445	    48.6224
25449.602	    51.9031
25450.672	    56.0748
25451.734	    56.4972
25452.898	    51.5464
25454.086	    50.5051
25455.195	    54.1028
25456.242	    57.3066
25457.406	    51.5464
25458.617	    49.5458
25459.797	    50.8475
25460.930	    52.9568
25461.938	    59.5238
25463.133	    50.2092
25464.352	    49.2207
25465.547	    50.2092
25466.641	    54.8446
25467.664	    58.6510
25468.844	    50.8475
25470.031	    50.5051
25471.172	    52.5854
25472.258	    55.2486
25473.438	    50.8475
25474.633	    50.2092
25475.828	    50.2092
25476.953	    53.3333
25478.062	    54.1028
25479.258	    50.2092
25480.461	    49.8753
25481.602	    52.5854
25482.648	    57.3066
25483.695	    57.3066
25484.875	    50.8475
25486.070	    50.2092
25487.227	    51.9031
25488.281	    56.8720
25489.312	    58.1959
25490.516	    49.8753
25491.750	    48.6224
25492.945	    50.2092
25494.047	    54.4465
25495.070	    58.6510
25496.219	    52.2648
25497.328	    54.1028
25498.406	    55.6586
25499.453	    57.3066
25500.648	    50.2092
25501.852	    49.8753
25503.016	    51.5464
25504.039	    58.6510
25505.055	    59.0551
25506.234	    50.8475
25507.469	    48.6224
25508.664	    50.2092
25509.750	    55.2486
25510.828	    55.6586
25512.031	    49.8753
25513.242	    49.5458
25514.406	    51.5464
25515.523	    53.7153
25516.664	    52.5854
25517.820	    51.9031
25518.969	    52.2648
25520.008	    57.7478
25521.070	    56.4972
25522.281	    49.5458
25523.484	    49.8753
25524.617	    52.9568
25525.703	    55.2486
25526.883	    50.8475
25528.047	    51.5464
25529.203	    51.9031
25530.258	    56.8720
25531.312	    56.8720
25532.508	    50.2092
25533.703	    50.2092
25534.812	    54.1028
25535.914	    54.4465
25537.047	    52.9568
25538.203	    51.9031
25539.305	    54.4465
25540.383	    55.6586
25541.586	    49.8753
25542.844	    47.6948
25544.047	    49.8753
25545.117	    56.0748
25546.094	    61.4125
25547.281	    50.5051
25548.469	    50.5051
25549.641	    51.1945
25550.742	    54.4465
25551.836	    54.8446
25553.055	    49.2207
25554.242	    50.5051
25555.359	    53.7153
25556.398	    57.7478
25557.578	    50.8475
25558.758	    50.8475
25559.906	    52.2648
25560.945	    57.7478
25562.000	    56.8720
25563.203	    49.8753
25564.398	    50.2092
25565.547	    52.2648
25566.617	    56.0748
25567.680	    56.4972
25568.883	    49.8753
25570.102	    49.2207
25571.305	    49.8753
25572.445	    52.5854
25573.570	    53.3333
25574.805	    48.6224
25576.039	    48.6224
25577.242	    49.8753
25578.375	    52.9568
25579.484	    54.1028
25580.656	    51.1945
25581.820	    51.5464
25583.008	    50.5051
25584.102	    54.8446
25585.211	    54.1028
25586.391	    50.8475
25587.594	    49.8753
25588.719	    53.3333
25589.820	    54.4465
25591.039	    49.2207
25592.242	    49.8753
25593.367	    53.3333
25594.453	    55.2486
25595.656	    49.8753
25596.875	    49.2207
25598.055	    50.8475
25599.141	    55.2486
25600.227	    55.2486
25601.445	    49.2207
25602.648	    49.8753
25603.805	    51.9031
25604.867	    56.4972
25605.914	    57.3066
25607.109	    50.2092
25608.305	    50.2092
25609.445	    52.5854
25610.492	    57.3066
25611.586	    54.8446
25612.805	    49.2207
25614.016	    49.5458
25615.133	    53.7153
25616.188	    56.8720
25617.422	    48.6224
25618.672	    48.0000
25619.875	    49.8753
25621.016	    52.5854
25622.336	    45.4545
25623.641	    45.9770
25624.883	    48.3092
25626.008	    53.3333
25627.141	    52.9568
25628.438	    46.2606
25629.711	    47.1328
25630.914	    49.8753
25632.031	    53.7153
25633.164	    52.9568
25634.352	    50.5051
25635.547	    50.2092
25636.664	    53.7153
25637.680	    59.0551
25638.859	    50.8475
25640.078	    49.2207
25641.242	    51.5464
25642.328	    55.2486
25643.352	    58.6510
25644.547	    50.2092
25645.750	    49.8753
25646.961	    49.5458
25648.070	    54.1028
25649.164	    54.8446
25650.367	    49.8753
25651.594	    48.8998
25652.758	    51.5464
25653.836	    55.6586
25654.805	    61.9195
25656.000	    50.2092
25657.211	    49.5458
25658.391	    50.8475
25659.477	    55.2486
25660.523	    57.3066
25661.703	    50.8475
25662.922	    49.2207
25664.062	    52.5854
25665.109	    57.3066
25666.266	    51.9031
25667.484	    49.2207
25668.633	    52.2648
25669.742	    54.1028
25670.766	    58.6510
25671.984	    49.2207
25673.227	    48.3092
25674.406	    50.8475
25675.469	    56.4972
25676.508	    57.7478
25677.688	    50.8475
25678.867	    50.8475
25679.977	    54.1028
25680.992	    59.0551
25682.219	    48.8998
25683.422	    49.8753
25684.594	    51.1945
25685.688	    54.8446
25686.734	    57.3066
25687.953	    49.2207
25689.125	    51.1945
25690.250	    53.3333
25691.297	    57.3066
25692.328	    58.1959
25693.562	    48.6224
25694.797	    48.6224
25695.945	    52.2648
25696.938	    60.4839
25698.031	    54.8446
25699.273	    48.3092
25700.492	    49.2207
25701.562	    56.0748
25702.602	    57.7478
25703.789	    50.5051
25705.000	    49.5458
25706.125	    53.3333
25707.133	    59.5238
25708.352	    49.2207
25709.617	    47.3934
25710.781	    51.5464
25711.891	    54.1028
25712.992	    54.4465
25714.227	    48.6224
25715.461	    48.6224
25716.625	    51.5464
25717.742	    53.7153
25718.938	    50.2092
25720.156	    49.2207
25721.344	    50.5051
25722.430	    55.2486
25723.469	    57.7478
25724.688	    49.2207
25725.883	    50.2092
25727.047	    51.5464
25728.078	    58.1959
25729.117	    57.7478
25730.305	    50.5051
25731.539	    48.6224
25732.711	    51.1945
25733.734	    58.6510
25734.719	    60.9756
25735.914	    50.2092
25737.047	    52.9568
25738.164	    53.7153
25739.180	    59.0551
25740.219	    57.7478
25741.414	    50.2092
25742.641	    48.8998
25743.820	    50.8475
25744.945	    53.3333
25746.172	    48.8998
25747.391	    49.2207
25748.570	    50.8475
25749.648	    55.6586
25750.742	    54.8446
25751.898	    51.9031
25753.094	    50.2092
25754.242	    52.2648
25755.336	    54.8446
25756.398	    56.4972
25757.445	    57.3066
25758.484	    57.7478
25759.461	    61.4125
25760.445	    60.9756
25761.617	    51.1945
25762.859	    48.3092
25764.047	    50.5051
25765.195	    52.2648
25766.359	    51.5464
25767.484	    53.3333
25768.531	    57.3066
25769.555	    58.6510
25770.828	    47.1328
25772.102	    47.1328
25773.312	    49.5458
25774.477	    51.5464
25775.719	    48.3092
25776.828	    54.1028
25777.891	    56.4972
25778.812	    65.0759
25779.656	    71.0900
25780.531	    68.5714
25781.477	    63.4921
25782.406	    64.5161
25783.320	    65.6455
25784.219	    66.8151
25785.102	    67.9502
25786.000	    66.8151
25786.898	    66.8151
25787.781	    67.9502
25788.578	    75.2823
25789.328	    80.0000
25790.086	    79.1557
25790.828	    80.8625
25791.555	    82.5310
25792.289	    81.7439
25793.000	    84.3882
25793.719	    83.4492
25794.445	    82.5310
25795.164	    83.4492
25795.906	    80.8625
25796.641	    81.7439
25797.367	    82.5310
25798.094	    82.5310
25798.852	    79.1557
25799.680	    72.4638
25800.672	    60.4839
25801.719	    57.3066
25802.703	    60.9756
25803.672	    61.9195
25804.844	    51.1945
25806.078	    48.6224
25807.305	    48.8998
25808.422	    53.7153
25809.445	    58.6510
25810.625	    50.8475
25811.891	    47.3934
25813.055	    51.5464
25814.289	    48.6224
25815.664	    43.6364
25817.000	    44.9102
25818.180	    50.8475
25819.367	    50.5051
25820.703	    44.9102
25821.961	    47.6948
25823.055	    54.8446
25824.180	    53.3333
25825.445	    47.3934
25826.711	    47.3934
25827.891	    50.8475
25828.914	    58.6510
25830.008	    54.8446
25831.266	    47.6948
25832.508	    48.3092
25833.648	    52.5854
25834.672	    58.6510
25835.891	    49.2207
25837.219	    45.1807
25838.391	    51.1945
25839.453	    56.4972
25840.461	    59.5238
25841.773	    45.7317
25843.016	    48.3092
25844.109	    54.8446
25845.164	    56.8720
25846.398	    48.6224
25847.641	    48.3092
25848.805	    51.5464
25849.758	    62.9591
25850.711	    62.9591
25852.000	    46.5477
25853.273	    47.1328
25854.414	    52.5854
25855.430	    59.0551
25856.570	    52.5854
25857.781	    49.5458
25858.945	    51.5464
25860.000	    56.8720
25861.031	    58.1959
25862.195	    51.5464
25863.422	    48.8998
25864.578	    51.9031
25865.641	    56.4972
25866.742	    54.4465
25867.977	    48.6224
25869.195	    49.2207
25870.305	    54.1028
25871.406	    54.4465
25872.648	    48.3092
25873.945	    46.2606
25875.188	    48.3092
25876.320	    52.9568
25877.469	    52.2648
25878.688	    49.2207
25879.922	    48.6224
25881.109	    50.5051
25882.172	    56.4972
25883.266	    54.8446
25884.445	    50.8475
25885.664	    49.2207
25886.820	    51.9031
25887.891	    56.0748
25888.992	    54.4465
25890.219	    48.8998
25891.438	    49.2207
25892.617	    50.8475
25893.680	    56.4972
25894.672	    60.4839
25895.836	    51.5464
25897.086	    48.0000
25898.219	    52.9568
25899.242	    58.6510
25900.195	    62.9591
25901.352	    51.9031
25902.570	    49.2207
25903.734	    51.5464
25904.812	    55.6586
25905.867	    56.8720
25907.086	    49.2207
25908.320	    48.6224
25909.492	    51.1945
25910.586	    54.8446
25911.703	    53.7153
25912.812	    54.1028
25913.969	    51.9031
25915.070	    54.4465
25916.117	    57.3066
25917.328	    49.5458
25918.594	    47.3934
25919.805	    49.5458
25920.938	    52.9568
25921.953	    59.0551
25923.180	    48.8998
25924.414	    48.6224
25925.555	    52.5854
25926.555	    60.0000
25927.523	    61.9195
25928.758	    48.6224
25929.984	    48.8998
25931.164	    50.8475
25932.211	    57.3066
25933.258	    57.3066
25934.484	    48.8998
25935.719	    48.6224
25936.867	    52.2648
25937.914	    57.3066
25939.094	    50.8475
25940.359	    47.3934
25941.586	    48.8998
25942.727	    52.5854
25943.773	    57.3066
25944.938	    51.5464
25946.141	    49.8753
25947.320	    50.8475
25948.406	    55.2486
25949.414	    59.5238
25950.594	    50.8475
25951.789	    50.2092
25952.969	    50.8475
25954.055	    55.2486
25955.023	    61.9195
25956.227	    49.8753
25957.516	    46.5477
25958.758	    48.3092
25959.914	    51.9031
25960.969	    56.8720
25962.117	    52.2648
25963.312	    50.2092
25964.477	    51.5464
25965.445	    61.9195
25966.328	    67.9502
25967.508	    50.8475
25968.773	    47.3934
25970.000	    48.8998
25971.125	    53.3333
25972.250	    53.3333
25973.477	    48.8998
25974.734	    47.6948
25975.906	    51.1945
25976.953	    57.3066
25978.031	    55.6586
25979.250	    49.2207
25980.438	    50.5051
25981.602	    51.5464
25982.711	    54.1028
25983.773	    56.4972
25984.953	    50.8475
25986.172	    49.2207
25987.344	    51.1945
25988.422	    55.6586
25989.531	    54.1028
25990.820	    46.5477
25992.078	    47.6948
25993.250	    51.1945
25994.312	    56.4972
25995.320	    59.5238
25996.445	    53.3333
25997.555	    54.1028
25998.555	    60.0000
25999.539	    60.9756
26000.812	    47.1328
26002.109	    46.2606
26003.312	    49.8753
26004.391	    55.6586
26005.484	    54.8446
26006.680	    50.2092
26007.906	    48.8998
26009.039	    52.9568
26010.062	    58.6510
26010.992	    64.5161
26012.156	    51.5464
26013.406	    48.0000
26014.664	    47.6948
26015.797	    52.9568
26016.828	    58.1959
26018.016	    50.5051
26019.250	    48.6224
26020.422	    51.1945
26021.484	    56.4972
26022.430	    63.4921
26023.562	    52.9568
26024.805	    48.3092
26026.039	    48.6224
26027.109	    56.0748
26028.062	    62.9591
26029.242	    50.8475
26030.422	    50.8475
26031.609	    50.5051
26032.773	    51.5464
26033.828	    56.8720
26034.859	    58.1959
26036.109	    48.0000
26037.375	    47.3934
26038.578	    49.8753
26039.664	    55.2486
26040.625	    62.4350
26041.789	    51.5464
26043.016	    48.8998
26044.195	    50.8475
26045.281	    55.2486
26046.312	    58.1959
26047.492	    50.8475
26048.664	    51.1945
26049.820	    51.9031
26050.867	    57.3066
26051.945	    55.6586
26053.117	    51.1945
26054.344	    48.8998
26055.523	    50.8475
26056.617	    54.8446
26057.602	    60.9756
26058.805	    49.8753
26060.039	    48.6224
26061.250	    49.5458
26062.375	    53.3333
26063.453	    55.6586
26064.523	    56.0748
26065.695	    51.1945
26066.836	    52.5854
26067.898	    56.4972
26068.930	    58.1959
26070.109	    50.8475
26071.312	    49.8753
26072.500	    50.5051
26073.586	    55.2486
26074.680	    54.8446
26075.875	    50.2092
26077.078	    49.8753
26078.250	    51.1945
26079.359	    54.1028
26080.453	    54.8446
26081.680	    48.8998
26082.914	    48.6224
26084.086	    51.1945
26085.180	    54.8446
26086.250	    56.0748
26087.398	    52.2648
26088.586	    50.5051
26089.703	    53.7153
26090.734	    58.1959
26091.828	    54.8446
26093.094	    47.3934
26094.328	    48.6224
26095.523	    50.2092
26096.625	    54.4465
26097.727	    54.4465
26098.906	    50.8475
26100.078	    51.1945
26101.234	    51.9031
26102.305	    56.0748
26103.336	    58.1959
26104.547	    49.5458
26105.750	    49.8753
26106.906	    51.9031
26108.039	    52.9568
26109.203	    51.5464
26110.344	    52.5854
26111.453	    54.1028
26112.586	    52.9568
26113.859	    47.1328
26115.156	    46.2606
26116.414	    47.6948
26117.562	    52.2648
26118.703	    52.5854
26119.953	    48.0000
26121.219	    47.3934
26122.406	    50.5051
26123.516	    54.1028
26124.562	    57.3066
26125.758	    50.2092
26126.961	    49.8753
26128.070	    54.1028
26129.125	    56.8720
26130.227	    54.4465
26131.500	    47.1328
26132.703	    49.8753
26133.836	    52.9568
26134.992	    51.9031
26136.172	    50.8475
26137.312	    52.5854
26138.320	    59.5238
26139.250	    64.5161
26140.328	    55.6586
26141.570	    48.3092
26142.742	    51.1945
26143.820	    55.6586
26144.914	    54.8446
26146.031	    53.7153
26147.180	    52.2648
26148.336	    51.9031
26149.422	    55.2486
26150.500	    55.6586
26151.641	    52.5854
26152.852	    49.5458
26154.008	    51.9031
26155.117	    54.1028
26156.203	    55.2486
26157.406	    49.8753
26158.633	    48.8998
26159.828	    50.2092
26160.922	    54.8446
26162.016	    54.8446
26163.227	    49.5458
26164.445	    49.2207
26165.602	    51.9031
26166.727	    53.3333
26167.898	    51.1945
26169.070	    51.1945
26170.242	    51.1945
26171.336	    54.8446
26172.438	    54.4465
26173.633	    50.2092
26174.852	    49.2207
26176.023	    51.1945
26177.133	    54.1028
26178.203	    56.0748
26179.414	    49.5458
26180.602	    50.5051
26181.727	    53.3333
26182.766	    57.7478
26183.938	    51.1945
26185.148	    49.5458
26186.375	    48.8998
26187.523	    52.2648
26188.656	    52.9568
26189.844	    50.5051
26191.102	    47.6948
26192.312	    49.5458
26193.430	    53.7153
26194.523	    54.8446
26195.695	    51.1945
26196.891	    50.2092
26198.008	    53.7153
26199.078	    56.0748
26200.211	    52.9568
26201.438	    48.8998
26202.586	    52.2648
26203.672	    55.2486
26204.727	    56.8720
26205.914	    50.5051
26207.125	    49.5458
26208.312	    50.5051
26209.383	    56.0748
26210.383	    60.0000
26211.562	    50.8475
26212.766	    49.8753
26213.867	    54.4465
26214.867	    60.0000
26215.875	    59.5238
26217.148	    47.1328
26218.406	    47.6948
26219.641	    48.6224
26220.766	    53.3333
26221.844	    55.6586
26223.047	    49.8753
26224.266	    49.2207
26225.438	    51.1945
26226.555	    53.7153
26227.578	    58.6510
26228.773	    50.2092
26229.977	    49.8753
26231.180	    49.8753
26232.266	    55.2486
26233.359	    54.8446
26234.539	    50.8475
26235.781	    48.3092
26236.953	    51.1945
26238.086	    52.9568
26239.211	    53.3333
26240.414	    49.8753
26241.609	    50.2092
26242.742	    52.9568
26243.812	    56.0748
26245.008	    50.2092
26246.211	    49.8753
26247.375	    51.5464
26248.430	    56.8720
26249.555	    53.3333
26250.781	    48.8998
26251.984	    49.8753
26253.125	    52.5854
26254.172	    57.3066
26255.211	    57.7478
26256.398	    50.5051
26257.633	    48.6224
26258.836	    49.8753
26259.938	    54.4465
26260.953	    59.0551
26262.156	    49.8753
26263.383	    48.8998
26264.586	    49.8753
26265.703	    53.7153
26266.742	    57.7478
26267.922	    50.8475
26269.117	    50.2092
26270.281	    51.5464
26271.344	    56.4972
26272.328	    60.9756
26273.516	    50.5051
26274.773	    47.6948
26275.992	    49.2207
26277.125	    52.9568
26278.172	    57.3066
26279.375	    49.8753
26280.586	    49.5458
26281.758	    51.1945
26282.875	    53.7153
26283.938	    56.4972
26285.094	    51.9031
26286.227	    52.9568
26287.352	    53.3333
26288.422	    56.0748
26289.461	    57.7478
26290.664	    49.8753
26291.906	    48.3092
26293.094	    50.5051
26294.211	    53.7153
26295.281	    56.0748
26296.469	    50.5051
26297.703	    48.6224
26298.898	    50.2092
26300.016	    53.7153
26301.094	    55.6586
26302.289	    50.2092
26303.523	    48.6224
26304.680	    51.9031
26305.734	    56.8720
26306.969	    48.6224
26308.203	    48.6224
26309.422	    49.2207
26310.570	    52.2648
26311.578	    59.5238
26312.758	    50.8475
26314.000	    48.3092
26315.211	    49.5458
26316.336	    53.3333
26317.453	    53.7153
26318.703	    48.0000
26319.992	    46.5477
26321.203	    49.5458
26322.336	    52.9568
26323.391	    56.8720
26324.586	    50.2092
26325.844	    47.6948
26327.062	    49.2207
26328.203	    52.5854
26329.234	    58.1959
26330.445	    49.5458
26331.680	    48.6224
26332.922	    48.3092
26334.062	    52.5854
26335.141	    55.6586
26336.352	    49.5458
26337.586	    48.6224
26338.789	    49.8753
26339.898	    54.1028
26340.961	    56.4972
26342.195	    48.6224
26343.430	    48.6224
26344.594	    51.5464
26345.703	    54.1028
26346.789	    55.2486
26348.055	    47.3934
26349.305	    48.0000
26350.500	    50.2092
26351.609	    54.1028
26352.617	    59.5238
26353.758	    52.5854
26354.969	    49.5458
26356.188	    49.2207
26357.305	    53.7153
26358.375	    56.0748
26359.578	    49.8753
26360.820	    48.3092
26362.023	    49.8753
26363.133	    54.1028
26364.203	    56.0748
26365.422	    49.2207
26366.664	    48.3092
26367.875	    49.5458
26369.008	    52.9568
26370.062	    56.8720
26371.258	    50.2092
26372.484	    48.8998
26373.680	    50.2092
26374.781	    54.4465
26375.852	    56.0748
26377.062	    49.5458
26378.312	    48.0000
26379.508	    50.2092
26380.625	    53.7153
26381.695	    56.0748
26382.891	    50.2092
26384.117	    48.8998
26385.297	    50.8475
26386.422	    53.3333
26387.469	    57.3066
26388.484	    59.0551
26389.711	    48.8998
26390.938	    48.8998
26392.109	    51.1945
26393.242	    52.9568
26394.422	    50.8475
26395.750	    45.1807
26397.070	    45.4545
26398.273	    49.8753
26399.375	    54.4465
26400.625	    48.0000
26401.891	    47.3934
26403.094	    49.8753
26404.203	    54.1028
26405.266	    56.4972
26406.398	    52.9568
26407.570	    51.1945
26408.648	    55.6586
26409.648	    60.0000
26410.930	    46.8384
26412.234	    45.9770
26413.430	    50.2092
26414.500	    56.0748
26415.570	    56.0748
26416.828	    47.6948
26418.031	    49.8753
26419.156	    53.3333
26420.180	    58.6510
26421.203	    58.6510
26422.477	    47.1328
26423.719	    48.3092
26424.883	    51.5464
26425.930	    57.3066
26426.945	    59.0551
26428.250	    45.9770
26429.523	    47.1328
26430.719	    50.2092
26431.828	    54.1028
26432.891	    56.4972
26434.172	    46.8384
26435.422	    48.0000
26436.594	    51.1945
26437.656	    56.4972
26438.664	    59.5238
26439.805	    52.5854
26441.000	    50.2092
26442.133	    52.9568
26443.234	    54.4465
26444.328	    54.8446
26445.594	    47.3934
26446.828	    48.6224
26447.938	    54.1028
26448.945	    59.5238
26450.211	    47.3934
26451.484	    47.1328
26452.688	    49.8753
26453.781	    54.8446
26454.828	    57.3066
26456.062	    48.6224
26457.328	    47.3934
26458.484	    51.9031
26459.539	    56.8720
26460.547	    59.5238
26461.719	    51.1945
26462.953	    48.6224
26464.102	    52.2648
26465.133	    58.1959
26466.133	    60.0000
26467.367	    48.6224
26468.672	    45.9770
26469.859	    50.5051
26470.938	    55.6586
26471.953	    59.0551
26473.078	    53.3333
26474.328	    48.0000
26475.578	    48.0000
26476.695	    53.7153
26477.695	    60.0000
26478.922	    48.8998
26480.180	    47.6948
26481.391	    49.5458
26482.523	    52.9568
26483.648	    53.3333
26484.883	    48.6224
26486.133	    48.0000
26487.336	    49.8753
26488.383	    57.3066
26489.344	    62.4350
26490.383	    57.7478
26491.656	    47.1328
26492.898	    48.3092
26494.055	    51.9031
26495.102	    57.3066
26496.141	    57.7478
26497.344	    49.8753
26498.562	    49.2207
26499.711	    52.2648
26500.766	    56.8720
26501.797	    58.1959
26502.969	    51.1945
26504.195	    48.8998
26505.367	    51.1945
26506.469	    54.4465
26507.523	    56.8720
26508.688	    51.5464
26509.922	    48.6224
26511.094	    51.1945
26512.195	    54.4465
26513.227	    58.1959
26514.461	    48.6224
26515.703	    48.3092
26516.859	    51.9031
26517.898	    57.7478
26518.852	    62.9591
26520.109	    47.6948
26521.367	    47.6948
26522.562	    50.2092
26523.672	    54.1028
26524.719	    57.3066
26525.945	    48.8998
26527.133	    50.5051
26528.242	    54.1028
26529.266	    58.6510
26530.352	    55.2486
26531.555	    49.8753
26532.773	    49.2207
26533.875	    54.4465
26534.945	    56.0748
26536.156	    49.5458
26537.344	    50.5051
26538.422	    55.6586
26539.383	    62.4350
26540.484	    54.4465
26541.758	    47.1328
26542.945	    50.5051
26543.977	    58.1959
26544.906	    64.5161
26545.953	    57.3066
26547.180	    48.8998
26548.375	    50.2092
26549.438	    56.4972
26550.422	    60.9756
26551.609	    50.5051
26552.852	    48.3092
26554.031	    50.8475
26555.086	    56.8720
26556.086	    60.0000
26557.164	    55.6586
26558.414	    48.0000
26559.594	    50.8475
26560.664	    56.0748
26561.688	    58.6510
26562.789	    54.4465
26564.000	    49.5458
26565.125	    53.3333
26566.172	    57.3066
26567.188	    59.0551
26568.461	    47.1328
26569.656	    50.2092
26570.727	    56.0748
26571.688	    62.4350
26572.656	    61.9195
26573.938	    46.8384
26575.164	    48.8998
26576.281	    53.7153
26577.258	    61.4125
26578.203	    63.4921
26579.125	    65.0759
26580.109	    60.9756
26581.078	    61.9195
26582.000	    65.0759
26582.930	    64.5161
26584.227	    46.2606
26585.531	    45.9770
26586.719	    50.5051
26587.836	    53.7153
26588.984	    52.2648
26590.195	    49.5458
26591.367	    51.1945
26592.414	    57.3066
26593.352	    63.9659
26594.289	    63.9659
26595.570	    46.8384
26596.805	    48.6224
26597.992	    50.5051
26599.055	    56.4972
26600.047	    60.4839
26601.211	    51.5464
26602.422	    49.5458
26603.570	    52.2648
26604.641	    56.0748
26605.555	    65.6455
26606.734	    50.8475
26607.961	    48.8998
26609.156	    50.2092
26610.258	    54.4465
26611.258	    60.0000
26612.508	    48.0000
26613.773	    47.3934
26614.977	    49.8753
26616.055	    55.6586
26617.109	    56.8720
26618.164	    56.8720
26619.352	    50.5051
26620.516	    51.5464
26621.641	    53.3333
26622.750	    54.1028
26623.891	    52.5854
26625.078	    50.5051
26626.258	    50.8475
26627.383	    53.3333
26628.453	    56.0748
26629.664	    49.5458
26630.875	    49.5458
26632.023	    52.2648
26633.109	    55.2486
26634.156	    57.3066
26635.312	    51.9031
26636.516	    49.8753
26637.641	    53.3333
26638.695	    56.8720
26639.695	    60.0000
26640.766	    56.0748
26641.945	    50.8475
26643.086	    52.5854
26644.125	    57.7478
26645.023	    66.8151
26645.922	    66.8151
26647.094	    51.1945
26648.242	    52.2648
26649.281	    57.7478
26650.188	    66.2252
26651.047	    69.8487
26652.062	    59.0551
26653.336	    47.1328
26654.523	    50.5051
26655.586	    56.4972
26656.508	    65.0759
26657.469	    62.4350
26658.609	    52.5854
26659.742	    52.9568
26660.789	    57.3066
26661.719	    64.5161
26662.562	    71.0900
26663.477	    65.6455
26664.773	    46.2606
26665.977	    49.8753
26667.109	    52.9568
26668.125	    59.0551
26669.156	    58.1959
26670.188	    58.1959
26671.148	    62.4350
26672.062	    65.6455
26673.039	    61.4125
26674.070	    58.1959
26675.016	    63.4921
26675.945	    64.5161
26677.156	    49.5458
26678.258	    54.4465
26679.328	    56.0748
26680.320	    60.4839
26681.234	    65.6455
26682.141	    66.2252
26683.172	    58.1959
26684.281	    54.1028
26685.297	    59.0551
26686.219	    65.0759
26687.188	    61.9195
26688.336	    52.2648
26689.367	    58.1959
26690.328	    62.4350
26691.203	    68.5714
26692.117	    65.6455
26693.086	    61.9195
26694.016	    64.5161
26694.922	    66.2252
26695.906	    60.9756
26696.898	    60.4839
26697.844	    63.4921
26698.750	    66.2252
26699.805	    56.8720
26700.906	    54.4465
26701.906	    60.0000
26702.797	    67.3401
26703.648	    70.4225
26704.523	    68.5714
26705.445	    65.0759
26706.320	    68.5714
26707.156	    71.7703
26707.961	    74.5342
26708.758	    75.2823
26709.594	    71.7703
26710.602	    59.5238
26711.539	    63.9659
26712.367	    72.4638
26713.188	    73.1707
26714.008	    73.1707
26714.961	    62.9591
26715.883	    65.0759
26716.742	    69.8487
26717.562	    73.1707
26718.375	    73.8916
26719.258	    67.9502
26720.242	    60.9756
26721.188	    63.4921
26722.055	    69.2042
26722.867	    73.8916
26723.680	    73.8916
26724.539	    69.8487
26725.453	    65.6455
26726.352	    66.8151
26727.320	    61.9195
26728.234	    65.6455
26729.180	    63.4921
26730.133	    62.9591
26731.148	    59.0551
26732.188	    57.7478
26733.164	    61.4125
26734.086	    65.0759
26735.039	    62.9591
26736.016	    61.4125
26736.992	    61.4125
26737.938	    63.4921
26738.844	    66.2252
26739.852	    59.5238
26740.891	    57.7478
26741.914	    58.6510
26742.859	    63.4921
26743.773	    65.6455
26744.719	    63.4921
26745.758	    57.7478
26746.836	    55.6586
26747.820	    60.9756
26748.758	    63.9659
26749.727	    61.9195
26750.773	    57.3066
26751.852	    55.6586
26752.859	    59.5238
26753.828	    61.9195
26754.898	    56.0748
26756.047	    52.2648
26757.086	    57.7478
26758.023	    63.9659
26758.906	    67.9502
26759.867	    62.4350
26761.172	    45.9770
26762.305	    52.9568
26763.273	    61.9195
26764.133	    69.8487
26764.969	    71.7703
26765.859	    67.3401
26766.898	    57.7478
26767.859	    62.4350
26768.719	    69.8487
26769.570	    70.4225
26770.531	    62.4350
26771.594	    56.4972
26772.625	    58.1959
26773.531	    66.2252
26774.375	    71.0900
26775.203	    72.4638
26776.039	    71.7703
26777.055	    59.0551
26778.141	    55.2486
26779.109	    61.9195
26780.039	    64.5161
26781.156	    53.7153
26782.359	    49.8753
26783.523	    51.5464
26784.586	    56.4972
26785.609	    58.6510
26786.656	    57.3066
26787.773	    53.7153
26788.844	    56.0748
26789.820	    61.4125
26790.805	    60.9756
26791.852	    57.3066
26792.977	    53.3333
26794.070	    54.8446
26795.094	    58.6510
26796.102	    59.5238
26797.211	    54.1028
26798.305	    54.8446
26799.406	    54.4465
26800.461	    56.8720
26801.453	    60.4839
26802.430	    61.4125
26803.617	    50.5051
26804.758	    52.5854
26805.805	    57.3066
26806.805	    60.0000
26807.820	    59.0551
26809.016	    50.2092
26810.156	    52.5854
26811.227	    56.0748
26812.227	    60.0000
26813.266	    57.7478
26814.414	    52.2648
26815.523	    54.1028
26816.578	    56.8720
26817.570	    60.4839
26818.719	    52.2648
26819.859	    52.5854
26820.938	    55.6586
26821.922	    60.9756
26822.859	    63.9659
26823.828	    61.9195
26824.867	    57.7478
26825.875	    59.5238
26826.820	    63.4921
26827.773	    62.9591
26828.758	    60.9756
26829.719	    62.4350
26830.633	    65.6455
26831.500	    69.2042
26832.344	    71.0900
26833.211	    69.2042
26834.086	    68.5714
26834.953	    69.2042
26835.820	    69.2042
26836.656	    71.7703
26837.477	    73.1707
26838.312	    71.7703
26839.227	    65.6455
26840.289	    56.4972
26841.289	    60.0000
26842.203	    65.6455
26843.125	    65.0759
26844.195	    56.0748
26845.266	    56.0748
26846.312	    57.3066
26847.281	    61.9195
26848.172	    67.3401
26849.094	    65.0759
26850.070	    61.4125
26850.984	    65.6455
26851.875	    67.3401
26852.766	    67.3401
26853.656	    67.3401
26854.609	    62.9591
26855.789	    50.8475
26856.984	    50.2092
26858.125	    52.5854
26859.219	    54.8446
26860.250	    58.1959
26861.242	    60.4839
26862.250	    59.5238
26863.289	    57.7478
26864.289	    60.0000
26865.203	    65.6455
26866.117	    65.6455
26867.117	    60.0000
26868.180	    56.4972
26869.195	    59.0551
26870.148	    62.9591
26871.172	    58.6510
26872.336	    51.5464
26873.438	    54.4465
26874.461	    58.6510
26875.547	    55.2486
26876.664	    53.7153
26877.758	    54.8446
26878.820	    56.4972
26879.836	    59.0551
26880.969	    52.9568
26882.094	    53.3333
26883.117	    58.6510
26884.055	    63.9659
26884.961	    66.2252
26885.984	    58.6510
26887.156	    51.1945
26888.266	    54.1028
26889.320	    56.8720
26890.320	    60.0000
26891.406	    55.2486
26892.516	    54.1028
26893.609	    54.8446
26894.602	    60.4839
26895.531	    64.5161
26896.438	    66.2252
26897.609	    51.1945
26898.797	    50.5051
26899.969	    51.1945
26901.031	    56.4972
26901.992	    62.4350
26902.961	    61.9195
26904.062	    54.4465
26905.188	    53.3333
26906.297	    54.1028
26907.320	    58.6510
26908.352	    58.1959
26909.438	    55.2486
26910.547	    54.1028
26911.648	    54.4465
26912.711	    56.4972
26913.797	    55.2486
26914.938	    52.5854
26916.062	    53.3333
26917.141	    55.6586
26918.164	    58.6510
26919.289	    53.3333
26920.430	    52.5854
26921.508	    55.6586
26922.500	    60.4839
26923.461	    62.4350
26924.523	    56.4972
26925.656	    52.9568
26926.781	    53.3333
26927.789	    59.5238
26928.695	    66.2252
26929.648	    62.9591
26930.742	    54.8446
26931.906	    51.5464
26933.023	    53.7153
26934.000	    61.4125
26934.906	    66.2252
26935.883	    61.4125
26937.047	    51.5464
26938.117	    56.0748
26939.102	    60.9756
26940.000	    66.8151
26940.867	    69.2042
26941.797	    64.5161
26942.953	    51.9031
26944.078	    53.3333
26945.164	    55.2486
26946.203	    57.7478
26947.242	    57.7478
26948.328	    55.2486
26949.461	    52.9568
26950.570	    54.1028
26951.625	    56.8720
26952.727	    54.4465
26953.859	    52.9568
26954.930	    56.0748
26955.930	    60.0000
26957.016	    55.2486
26958.156	    52.5854
26959.289	    52.9568
26960.375	    55.2486
26961.383	    59.5238
26962.430	    57.3066
26963.547	    53.7153
26964.641	    54.8446
26965.695	    56.8720
26966.734	    57.7478
26968.000	    47.3934
26969.180	    50.8475
26970.273	    54.8446
26971.289	    59.0551
26972.438	    52.2648
26973.617	    50.8475
26974.758	    52.5854
26975.773	    59.0551
26976.719	    63.4921
26977.602	    67.9502
26978.461	    69.8487
26979.406	    63.4921
26980.609	    49.8753
26981.664	    56.8720
26982.633	    61.9195
26983.672	    57.7478
26984.812	    52.5854
26985.953	    52.5854
26986.969	    59.0551
26987.898	    64.5161
26988.766	    69.2042
26989.672	    66.2252
26990.836	    51.5464
26991.945	    54.1028
26992.945	    60.0000
26993.852	    66.2252
26994.727	    68.5714
26995.836	    54.1028
26996.984	    52.2648
26998.094	    54.1028
26999.148	    56.8720
27000.109	    62.4350
27001.000	    67.3401
27001.953	    62.9591
27003.133	    50.8475
27004.219	    55.2486
27005.219	    60.0000
27006.117	    66.8151
27006.953	    71.7703
27007.914	    62.4350
27009.070	    51.9031
27010.141	    56.0748
27011.117	    61.4125
27011.984	    69.2042
27012.828	    71.0900
27013.727	    66.8151
27014.578	    70.4225
27015.406	    72.4638
27016.203	    75.2823
27016.992	    76.0456
27017.820	    72.4638
27019.070	    48.0000
27020.258	    50.5051
27021.359	    54.4465
27022.336	    61.4125
27023.234	    66.8151
27024.367	    52.9568
27025.445	    55.6586
27026.461	    59.0551
27027.469	    59.5238
27028.453	    60.9756
27029.562	    54.1028
27030.703	    52.5854
27031.820	    53.7153
27032.898	    55.6586
27033.953	    56.8720
27035.086	    52.9568
27036.227	    52.5854
27037.289	    56.4972
27038.312	    58.6510
27039.500	    50.5051
27040.688	    50.5051
27041.828	    52.5854
27042.906	    55.6586
27043.961	    56.8720
27045.133	    51.1945
27046.266	    52.9568
27047.320	    56.8720
27048.289	    61.9195
27049.492	    49.8753
27050.719	    48.8998
27051.875	    51.9031
27052.875	    60.0000
27053.812	    63.9659
27054.867	    56.8720
27056.047	    50.8475
27057.180	    52.9568
27058.148	    61.9195
27059.102	    62.9591
27060.242	    52.5854
27061.438	    50.2092
27062.570	    52.9568
27063.586	    59.0551
27064.477	    67.3401
27065.422	    63.4921
27066.445	    58.6510
27067.578	    52.9568
27068.680	    54.4465
27069.680	    60.0000
27070.727	    57.3066
27071.953	    48.8998
27073.148	    50.2092
27074.250	    54.4465
27075.203	    62.9591
27076.156	    62.9591
27077.312	    51.9031
27078.453	    52.5854
27079.555	    54.4465
27080.602	    57.3066
27081.625	    58.6510
27082.750	    53.3333
27083.906	    51.9031
27085.008	    54.4465
27086.070	    56.4972
27087.117	    57.3066
27088.234	    53.7153
27089.344	    54.1028
27090.430	    55.2486
27091.422	    60.4839
27092.414	    60.4839
27093.594	    50.8475
27094.711	    53.7153
27095.812	    54.4465
27096.773	    62.4350
27097.680	    66.2252
27098.711	    58.1959
27099.922	    49.5458
27101.086	    51.5464
27102.203	    53.7153
27103.195	    60.4839
27104.086	    67.3401
27104.977	    67.3401
27105.891	    65.6455
27106.797	    66.2252
27107.633	    71.7703
27108.430	    75.2823
27109.203	    77.6197
27109.953	    80.0000
27110.695	    80.8625
27111.430	    81.7439
27112.156	    82.5310
27112.883	    82.5310
27113.617	    81.7439
27114.367	    80.0000
27115.125	    79.1557
27120.297	    11.6009
27121.016	    83.4492
27121.727	    84.3882
27122.445	    83.4492
27123.148	    85.3485
27123.875	    82.5310
27124.602	    82.5310
27125.328	    82.5310
27126.047	    83.4492
27126.789	    80.8625
27127.539	    80.0000
27128.328	    76.0456
27129.352	    58.6510
27130.500	    52.2648
27131.648	    52.2648
27132.781	    52.9568
27134.109	    45.1807
27135.445	    44.9102
27136.734	    46.5477
27137.961	    48.8998
27139.242	    46.8384
27140.422	    50.8475
27141.648	    48.8998
27142.844	    50.2092
27144.055	    49.5458
27145.383	    45.1807
27146.711	    45.1807
27147.930	    49.2207
27149.031	    54.4465
27150.086	    56.8720
27151.242	    51.9031
27152.469	    48.8998
27153.672	    49.8753
27154.781	    54.1028
27155.922	    52.5854
27157.117	    50.2092
27158.289	    51.1945
27159.406	    53.7153
27160.414	    59.5238
27161.398	    60.9756
27162.578	    50.8475
27163.703	    53.3333
27164.836	    52.9568
27165.875	    57.7478
27166.883	    59.5238
27168.016	    52.9568
27169.156	    52.5854
27170.289	    52.9568
27171.359	    56.0748
27172.250	    67.3401
27173.070	    73.1707
27173.938	    69.2042
27175.266	    45.1807
27176.438	    51.1945
27177.547	    54.1028
27178.625	    55.6586
27179.664	    57.7478
27180.812	    52.2648
27181.891	    55.6586
27183.008	    53.7153
27184.086	    55.6586
27185.227	    52.5854
27186.422	    50.2092
27187.594	    51.1945
27188.719	    53.3333
27189.781	    56.4972
27190.914	    52.9568
27192.094	    50.8475
27193.266	    51.1945
27194.430	    51.5464
27195.617	    50.5051
27196.812	    50.2092
27197.961	    52.2648
27199.117	    51.9031
27200.289	    51.1945
27201.484	    50.2092
27202.594	    54.1028
27203.766	    51.1945
27204.945	    50.8475
27206.039	    54.8446
27207.094	    56.8720
27208.219	    53.3333
27209.328	    54.1028
27210.344	    59.0551
27211.258	    65.6455
27212.320	    56.4972
27213.492	    51.1945
27214.586	    54.8446
27215.594	    59.5238
27216.570	    61.4125
27217.438	    69.2042
27218.273	    71.7703
27219.117	    71.0900
27219.953	    71.7703
27221.148	    50.2092
27222.344	    50.2092
27223.469	    53.3333
27224.461	    60.4839
27225.438	    61.4125
27226.492	    56.8720
27227.555	    56.4972
27228.555	    60.0000
27229.500	    63.4921
27230.641	    52.5854
27231.828	    50.5051
27233.031	    49.8753
27234.133	    54.4465
27235.172	    57.7478
27236.320	    52.2648
27237.445	    53.3333
27238.539	    54.8446
27239.523	    60.9756
27240.562	    57.7478
27241.703	    52.5854
27242.820	    53.7153
27243.828	    59.5238
27244.898	    56.0748
27246.047	    52.2648
27247.164	    53.7153
27248.219	    56.8720
27249.203	    60.9756
27250.352	    52.2648
27251.500	    52.2648
27252.594	    54.8446
27253.578	    60.9756
27254.500	    65.0759
27255.555	    56.8720
27256.664	    54.1028
27257.750	    55.2486
27258.719	    61.9195
27259.633	    65.6455
27260.703	    56.0748
27261.797	    54.8446
27262.812	    59.0551
27263.695	    67.9502
27264.555	    69.8487
27265.570	    59.0551
27266.625	    56.8720
27267.625	    60.0000
27268.586	    62.4350
27269.492	    66.2252
27270.391	    66.8151
27271.375	    60.9756
27272.500	    53.3333
27273.625	    53.3333
27274.695	    56.0748
27275.695	    60.0000
27276.750	    56.8720
27277.820	    56.0748
27278.852	    58.1959
27279.859	    59.5238
27280.977	    53.7153
27282.078	    54.4465
27283.109	    58.1959
27284.148	    57.7478
27285.203	    56.8720
27286.273	    56.0748
27287.250	    61.4125
27288.234	    60.9756
27289.242	    59.5238
27290.375	    52.9568
27291.414	    57.7478
27292.359	    63.4921
27293.375	    59.0551
27294.461	    55.2486
27295.516	    56.8720
27296.453	    63.9659
27297.344	    67.3401
27298.297	    62.9591
27299.273	    61.4125
27300.203	    64.5161
27301.086	    67.9502
27301.938	    70.4225
27302.828	    67.3401
27303.867	    57.7478
27304.969	    54.4465
27306.031	    56.4972
27306.984	    62.9591
27307.898	    65.6455
27308.930	    58.1959
27309.984	    56.8720
27311.070	    55.2486
27312.102	    58.1959
27313.016	    65.6455
27313.875	    69.8487
27314.898	    58.6510
27316.023	    53.3333
27317.078	    56.8720
27318.055	    61.4125
27318.953	    66.8151
27320.000	    57.3066
27321.180	    50.8475
27322.336	    51.9031
27323.422	    55.2486
27324.438	    59.0551
27325.453	    59.0551
27326.492	    57.7478
27327.547	    56.8720
27328.531	    60.9756
27329.516	    60.9756
27330.594	    55.6586
27331.727	    52.9568
27332.852	    53.3333
27333.906	    56.8720
27334.961	    56.8720
27336.102	    52.5854
27337.242	    52.5854
27338.336	    54.8446
27339.391	    56.8720
27340.477	    55.2486
27341.578	    54.4465
27342.609	    58.1959
27343.539	    64.5161
27344.539	    60.0000
27345.602	    56.4972
27346.602	    60.0000
27347.516	    65.6455
27348.375	    69.8487
27349.195	    73.1707
27350.070	    68.5714
27351.055	    60.9756
27352.148	    54.8446
27353.250	    54.4465
27354.305	    56.8720
27355.375	    56.0748
27356.477	    54.4465
27357.602	    53.3333
27358.703	    54.4465
27359.719	    59.0551
27360.695	    61.4125
27361.828	    52.9568
27362.984	    51.9031
27364.125	    52.5854
27365.219	    54.8446
27366.250	    58.1959
27367.422	    51.1945
27368.594	    51.1945
27369.789	    50.2092
27370.953	    51.5464
27372.070	    53.7153
27373.195	    53.3333
27374.367	    51.1945
27375.523	    51.9031
27376.664	    52.5854
27377.742	    55.6586
27378.906	    51.5464
27380.078	    51.1945
27381.250	    51.1945
27382.367	    53.7153
27383.430	    56.4972
27384.539	    54.1028
27385.656	    53.7153
27386.688	    58.1959
27387.609	    65.0759
27388.656	    57.3066
27389.906	    48.0000
27391.070	    51.5464
27392.070	    60.0000
27393.094	    58.6510
27394.227	    52.9568
27395.336	    54.1028
27396.406	    56.0748
27397.328	    65.0759
27398.219	    67.3401
27399.156	    63.9659
27400.172	    59.0551
27401.195	    58.6510
27402.195	    60.0000
27403.117	    65.0759
27404.094	    61.4125
27405.172	    55.6586
27406.141	    61.9195
27406.953	    73.8916
27407.750	    75.2823
27408.633	    67.9502
27409.891	    47.6948
27411.078	    50.5051
27412.141	    56.4972
27413.234	    54.8446
27414.352	    53.7153
27415.523	    51.1945
27416.695	    51.1945
27417.727	    58.1959
27418.750	    58.6510
27419.734	    60.9756
27420.812	    55.6586
27421.906	    54.8446
27422.922	    59.0551
27423.820	    66.8151
27424.797	    61.4125
27425.742	    63.4921
27426.766	    58.6510
27427.820	    56.8720
27428.805	    60.9756
27429.828	    58.6510
27430.859	    58.1959
27431.922	    56.4972
27433.000	    55.6586
27434.031	    58.1959
27434.969	    63.9659
27436.047	    55.6586
27437.172	    53.3333
27438.320	    52.2648
27439.445	    53.3333
27440.500	    56.8720
27441.500	    60.0000
27442.586	    55.2486
27443.695	    54.1028
27444.773	    55.6586
27445.836	    56.4972
27446.977	    52.5854
27448.141	    51.5464
27449.273	    52.9568
27450.383	    54.1028
27451.531	    52.2648
27452.695	    51.5464
27453.820	    53.3333
27454.891	    56.0748
27456.062	    51.1945
27457.234	    51.1945
27458.391	    51.9031
27459.484	    54.8446
27460.688	    49.8753
27461.883	    50.2092
27463.016	    52.9568
27464.062	    57.3066
27465.242	    50.8475
27466.406	    51.5464
27467.484	    55.6586
27468.445	    62.4350
27469.414	    61.9195
27470.578	    51.5464
27471.773	    50.2092
27472.805	    58.1959
27473.703	    66.8151
27474.555	    70.4225
27475.477	    65.0759
27476.531	    56.8720
27477.602	    56.0748
27478.570	    61.9195
27479.516	    63.4921
27480.492	    61.4125
27481.453	    62.4350
27482.344	    67.3401
27483.180	    71.7703
27483.984	    74.5342
27484.938	    62.9591
27486.086	    52.2648
27487.211	    53.3333
27488.312	    54.4465
27489.305	    60.4839
27490.258	    62.9591
27491.359	    54.4465
27492.508	    52.2648
27493.672	    51.5464
27494.797	    53.3333
27495.891	    54.8446
27496.945	    56.8720
27498.062	    53.7153
27499.195	    52.9568
27500.297	    54.4465
27501.344	    57.3066
27502.320	    61.4125
27503.461	    52.5854
27504.625	    51.5464
27505.773	    52.2648
27506.914	    52.5854
27507.969	    56.8720
27508.969	    60.0000
27510.031	    56.4972
27511.156	    53.3333
27512.234	    55.6586
27513.297	    56.4972
27514.289	    60.4839
27515.219	    64.5161
27516.328	    54.1028
27517.430	    54.4465
27518.523	    54.8446
27519.602	    55.6586
27520.570	    61.9195
27521.508	    63.9659
27522.445	    63.9659
27523.414	    61.9195
27524.406	    60.4839
27525.359	    62.9591
27526.297	    63.9659
27527.445	    52.2648
27528.578	    52.9568
27529.688	    54.1028
27530.680	    60.4839
27531.586	    66.2252
27532.617	    58.1959
27533.664	    57.3066
27534.688	    58.6510
27535.641	    62.9591
27536.531	    67.3401
27537.406	    68.5714
27538.430	    58.6510
27539.516	    55.2486
27540.539	    58.6510
27541.500	    62.4350
27542.422	    65.0759
27543.281	    69.8487
27544.242	    62.4350
27545.234	    60.4839
27546.195	    62.4350
27547.156	    62.4350
27548.102	    63.4921
27548.984	    67.9502
27549.969	    60.9756
27551.016	    57.3066
27552.117	    54.4465
27553.211	    54.8446
27554.234	    58.6510
27555.211	    61.4125
27556.289	    55.6586
27557.453	    51.5464
27558.633	    50.8475
27559.773	    52.5854
27560.812	    57.7478
27561.906	    54.8446
27562.969	    56.4972
27564.023	    56.8720
27564.984	    62.4350
27565.875	    67.3401
27567.031	    51.9031
27568.195	    51.5464
27569.336	    52.5854
27570.398	    56.4972
27571.352	    62.9591
27572.383	    58.1959
27573.516	    52.9568
27574.594	    55.6586
27575.641	    57.3066
27576.555	    65.6455
27577.422	    69.2042
27578.367	    63.4921
27579.453	    55.2486
27580.531	    55.6586
27581.555	    58.6510
27582.492	    63.9659
27583.516	    58.6510
27584.656	    52.5854
27585.750	    54.8446
27586.828	    55.6586
27587.773	    63.4921
27588.656	    67.9502
27589.688	    58.1959
27590.773	    55.2486
27591.898	    53.3333
27592.984	    55.2486
27593.906	    65.0759
27594.750	    71.0900
27595.531	    76.8246
27596.297	    78.3290
27597.055	    79.1557
27597.781	    82.5310
27598.547	    78.3290
27599.461	    65.6455
27600.812	    44.3787
27602.062	    48.0000
27603.188	    53.3333
27604.453	    47.3934
27605.695	    48.3092
27606.883	    50.5051
27608.062	    50.8475
27609.141	    55.6586
27610.320	    50.8475
27611.508	    50.5051
27612.719	    49.5458
27613.875	    51.9031
27614.914	    57.7478
27615.945	    58.1959
27617.203	    47.6948
27618.430	    48.8998
27619.609	    50.8475
27620.680	    56.0748
27621.758	    55.6586
27623.000	    48.3092
27624.227	    48.8998
27625.391	    51.5464
27626.461	    56.0748
27627.430	    61.9195
27628.672	    48.3092
27629.891	    49.2207
27631.094	    49.8753
27632.234	    52.5854
27633.281	    57.3066
27634.273	    60.4839
27635.508	    48.6224
27636.727	    49.2207
27637.914	    50.5051
27639.055	    52.5854
27640.008	    62.9591
27640.992	    60.9756
27642.211	    49.2207
27643.383	    51.1945
27644.547	    51.5464
27645.609	    56.4972
27646.711	    54.4465
27647.914	    49.8753
27649.125	    49.5458
27650.281	    51.9031
27651.305	    58.6510
27652.219	    65.6455
27653.250	    58.1959
27654.523	    47.1328
27655.734	    49.5458
27656.875	    52.5854
27657.891	    59.0551
27658.836	    63.4921
27660.078	    48.3092
27661.273	    50.2092
27662.359	    55.2486
27663.328	    61.9195
27664.188	    69.8487
27665.180	    60.4839
27666.203	    58.6510
27667.352	    52.2648
27668.469	    53.7153
27669.438	    61.9195
27670.391	    62.9591
27671.352	    62.4350
27672.375	    58.6510
27673.328	    62.9591
27674.211	    67.9502
27675.227	    59.0551
27676.250	    58.6510
27677.266	    59.0551
27678.219	    62.9591
27679.094	    68.5714
27680.086	    60.4839
27681.281	    50.2092
27682.492	    49.5458
27683.648	    51.9031
27684.820	    51.1945
27686.023	    49.8753
27687.211	    50.5051
27688.336	    53.3333
27689.406	    56.0748
27690.438	    58.1959
27691.586	    52.2648
27692.742	    51.9031
27693.891	    52.2648
27694.977	    55.2486
27695.992	    59.0551
27697.133	    52.5854
27698.297	    51.5464
27699.438	    52.5854
27700.516	    55.6586
27701.508	    60.4839
27702.414	    66.2252
27703.617	    49.8753
27704.875	    47.6948
27706.109	    48.6224
27707.297	    50.5051
27708.367	    56.0748
27709.414	    57.3066
27710.625	    49.5458
27711.812	    50.5051
27713.000	    50.5051
27714.086	    55.2486
27715.070	    60.9756
27716.281	    49.5458
27717.516	    48.6224
27718.695	    50.8475
27719.867	    51.1945
27720.914	    57.3066
27721.867	    62.9591
27723.047	    50.8475
27724.188	    52.5854
27725.305	    53.7153
27726.414	    54.1028
27727.422	    59.5238
27728.609	    50.5051
27729.789	    50.8475
27730.922	    52.9568
27732.016	    54.8446
27733.023	    59.5238
27734.023	    60.0000
27735.242	    49.2207
27736.430	    50.5051
27737.594	    51.5464
27738.688	    54.8446
27739.703	    59.0551
27740.883	    50.8475
27742.117	    48.6224
27743.297	    50.8475
27744.406	    54.1028
27745.398	    60.4839
27746.492	    54.8446
27747.594	    54.4465
27748.680	    55.2486
27749.758	    55.6586
27750.758	    60.0000
27751.695	    63.9659
27752.820	    53.3333
27753.969	    52.2648
27755.117	    52.2648
27756.211	    54.8446
27757.203	    60.4839
27758.180	    61.4125
27759.289	    54.1028
27760.469	    50.8475
27761.625	    51.9031
27762.734	    54.1028
27763.797	    56.4972
27764.961	    51.5464
27766.117	    51.9031
27767.281	    51.5464
27768.391	    54.1028
27769.414	    58.6510
27770.617	    49.8753
27771.797	    50.8475
27772.984	    50.5051
27774.094	    54.1028
27775.086	    60.4839
27776.125	    57.7478
27777.234	    54.1028
27778.383	    52.2648
27779.523	    52.5854
27780.602	    55.6586
27781.688	    55.2486
27782.898	    49.5458
27784.117	    49.2207
27785.289	    51.1945
27786.414	    53.3333
27787.477	    56.4972
27788.633	    51.9031
27789.797	    51.5464
27790.945	    52.2648
27792.023	    55.6586
27792.992	    61.9195
27794.031	    57.7478
27795.188	    51.9031
27796.336	    52.2648
27797.453	    53.7153
27798.508	    56.8720
27799.523	    59.0551
27800.719	    50.2092
27801.930	    49.5458
27803.094	    51.5464
27804.180	    55.2486
27805.234	    56.8720
27806.406	    51.1945
27807.625	    49.2207
27808.797	    51.1945
27809.906	    54.1028
27810.883	    61.4125
27811.875	    60.4839
27812.891	    59.0551
27813.945	    56.8720
27814.961	    59.0551
27815.914	    62.9591
27816.977	    56.4972
27818.219	    48.3092
27819.453	    48.6224
27820.609	    51.9031
27821.648	    57.7478
27822.750	    54.4465
27823.930	    50.8475
27825.117	    50.5051
27826.242	    53.3333
27827.281	    57.7478
27828.336	    56.8720
27829.531	    50.2092
27830.750	    49.2207
27831.938	    50.5051
27833.023	    55.2486
27834.062	    57.7478
27835.258	    50.2092
27836.414	    51.9031
27837.547	    52.9568
27838.602	    56.8720
27839.617	    59.0551
27840.828	    49.5458
27842.086	    47.6948
27843.281	    50.2092
27844.367	    55.2486
27845.414	    57.3066
27846.609	    50.2092
27847.805	    50.2092
27849.039	    48.6224
27850.148	    54.1028
27851.117	    61.9195
27852.141	    58.6510
27853.383	    48.3092
27854.617	    48.6224
27855.812	    50.2092
27856.859	    57.3066
27857.914	    56.8720
27859.047	    52.9568
27860.211	    51.5464
27861.336	    53.3333
27862.375	    57.7478
27863.383	    59.5238
27864.547	    51.5464
27865.688	    52.5854
27866.828	    52.5854
27867.938	    54.1028
27869.000	    56.4972
27870.203	    49.8753
27871.367	    51.5464
27872.508	    52.5854
27873.516	    59.5238
27874.453	    63.9659
27875.508	    56.8720
27876.656	    52.2648
27877.781	    53.3333
27878.875	    54.8446
27879.867	    60.4839
27880.906	    57.7478
27882.055	    52.2648
27883.219	    51.5464
27884.320	    54.4465
27885.281	    62.4350
27886.234	    62.9591
27887.344	    54.1028
27888.500	    51.9031
27889.594	    54.8446
27890.531	    63.9659
27891.383	    70.4225
27892.406	    58.6510
27893.523	    53.7153
27894.617	    54.8446
27895.727	    54.1028
27896.781	    56.8720
27897.852	    56.0748
27899.070	    49.2207
27900.273	    49.8753
27901.438	    51.5464
27902.500	    56.4972
27903.523	    58.6510
27904.648	    53.3333
27905.820	    51.1945
27906.992	    51.1945
27908.148	    51.9031
27909.250	    54.4465
27910.352	    54.4465
27911.562	    49.5458
27912.766	    49.8753
27913.930	    51.5464
27915.031	    54.4465
27916.086	    56.8720
27917.266	    50.8475
27918.438	    51.1945
27919.578	    52.5854
27920.562	    60.9756
27921.484	    65.0759
27922.672	    50.5051
27923.898	    48.8998
27925.094	    50.2092
27926.273	    50.8475
27927.367	    54.8446
27928.562	    50.2092
27929.766	    49.8753
27930.922	    51.9031
27931.984	    56.4972
27932.992	    59.5238
27934.172	    50.8475
27935.398	    48.8998
27936.586	    50.5051
27937.703	    53.7153
27938.750	    57.3066
27939.945	    50.2092
27941.141	    50.2092
27942.305	    51.5464
27943.414	    54.1028
27944.461	    57.3066
27945.641	    50.8475
27946.852	    49.5458
27948.023	    51.1945
27949.164	    52.5854
27950.219	    56.8720
27951.305	    55.2486
27952.508	    49.8753
27953.703	    50.2092
27954.859	    51.9031
27955.953	    54.8446
27957.000	    57.3066
27958.164	    51.5464
27959.359	    50.2092
27960.523	    51.5464
27961.617	    54.8446
27962.633	    59.0551
27963.812	    50.8475
27965.039	    48.8998
27966.219	    50.8475
27967.359	    52.5854
27968.445	    55.2486
27969.500	    56.8720
27970.664	    51.5464
27971.859	    50.2092
27973.039	    50.8475
27974.133	    54.8446
27975.211	    55.6586
27976.406	    50.2092
27977.609	    49.8753
27978.781	    51.1945
27979.875	    54.8446
27980.922	    57.3066
27982.125	    49.8753
27983.273	    52.2648
27984.234	    62.4350
27985.078	    71.0900
27985.891	    73.8916
27986.680	    76.0456
27987.453	    77.6197
27988.211	    79.1557
27989.000	    76.0456
27989.805	    74.5342
27990.586	    76.8246
27991.391	    74.5342
27992.258	    69.2042
27993.531	    47.1328
27994.734	    49.8753
27995.844	    54.1028
27996.789	    63.4921
27997.680	    67.3401
27998.648	    61.9195
27999.797	    52.2648
28000.984	    50.5051
28002.109	    53.3333
28003.344	    48.6224
28004.641	    46.2606
28005.914	    47.1328
28007.125	    49.5458
28008.242	    53.7153
28009.414	    51.1945
28010.656	    48.3092
28011.891	    48.6224
28013.039	    52.2648
28014.109	    56.0748
28015.172	    56.4972
28016.391	    49.2207
28017.602	    49.5458
28018.766	    51.5464
28019.867	    54.4465
28020.938	    56.0748
28022.109	    51.1945
28023.281	    51.1945
28024.445	    51.5464
28025.531	    55.2486
28026.586	    56.8720
28027.844	    47.6948
28029.078	    48.6224
28030.258	    50.8475
28031.375	    53.7153
28032.547	    51.1945
28033.773	    48.8998
28034.984	    49.5458
28036.141	    51.9031
28037.234	    54.8446
28038.297	    56.4972
28039.484	    50.5051
28040.625	    52.5854
28041.758	    52.9568
28042.836	    55.6586
28043.883	    57.3066
28045.039	    51.9031
28046.219	    50.8475
28047.367	    52.2648
28048.430	    56.4972
28049.438	    59.5238
28050.609	    51.1945
28051.758	    52.2648
28052.891	    52.9568
28053.953	    56.4972
28055.008	    56.8720
28056.086	    55.6586
28057.258	    51.1945
28058.430	    51.1945
28059.539	    54.1028
28060.641	    54.4465
28061.852	    49.5458
28063.070	    49.2207
28064.211	    52.5854
28065.273	    56.4972
28066.375	    54.4465
28067.562	    50.5051
28068.766	    49.8753
28069.906	    52.5854
28070.977	    56.0748
28072.016	    57.7478
28073.219	    49.8753
28074.406	    50.5051
28075.555	    52.2648
28076.609	    56.8720
28077.625	    59.0551
28078.695	    56.0748
28079.773	    55.6586
28080.789	    59.0551
28081.680	    67.3401
28082.523	    71.0900
28083.461	    63.9659
28084.508	    57.3066
28085.625	    53.7153
28086.648	    58.6510
28087.727	    55.6586
28088.945	    49.2207
28090.133	    50.5051
28091.211	    55.6586
28092.227	    59.0551
28093.406	    50.8475
28094.570	    51.5464
28095.703	    52.9568
28096.750	    57.3066
28097.680	    64.5161
28098.703	    58.6510
28099.828	    53.3333
28100.992	    51.5464
28102.094	    54.4465
28103.172	    55.6586
28104.430	    47.6948
28105.656	    48.8998
28106.828	    51.1945
28107.914	    55.2486
28109.008	    54.8446
28110.203	    50.2092
28111.383	    50.8475
28112.555	    51.1945
28113.633	    55.6586
28114.641	    59.5238
28115.820	    50.8475
28117.000	    50.8475
28118.180	    50.8475
28119.281	    54.4465
28120.344	    56.4972
28121.523	    50.8475
28122.695	    51.1945
28123.852	    51.9031
28124.945	    54.8446
28125.977	    58.1959
28127.102	    53.3333
28128.258	    51.9031
28129.391	    52.9568
28130.438	    57.3066
28131.453	    59.0551
28132.617	    51.5464
28133.797	    50.8475
28134.938	    52.5854
28135.984	    57.3066
28136.977	    60.4839
28138.117	    52.5854
28139.289	    51.1945
28140.406	    53.7153
28141.430	    58.6510
28142.391	    62.4350
28143.547	    51.9031
28144.766	    49.2207
28145.930	    51.5464
28147.031	    54.4465
28148.047	    59.0551
28149.141	    54.8446
28150.250	    54.1028
28151.328	    55.6586
28152.336	    59.5238
28153.328	    60.4839
28154.414	    55.2486
28155.555	    52.5854
28156.680	    53.3333
28157.742	    56.4972
28158.758	    59.0551
28160.000	    48.3092
28161.195	    50.2092
28162.367	    51.1945
28163.461	    54.8446
28164.531	    56.0748
28165.711	    50.8475
28166.883	    51.1945
28168.031	    52.2648
28169.094	    56.4972
28170.141	    57.3066
28171.297	    51.9031
28172.477	    50.8475
28173.633	    51.9031
28174.711	    55.6586
28175.789	    55.6586
28176.922	    52.9568
28178.039	    53.7153
28179.109	    56.0748
28180.070	    62.4350
28180.977	    66.2252
28181.961	    60.9756
28183.000	    57.7478
28184.102	    54.4465
28185.156	    56.8720
28186.172	    59.0551
28187.406	    48.6224
28188.617	    49.5458
28189.703	    55.2486
28190.680	    61.4125
28191.570	    67.3401
28192.633	    56.4972
28193.758	    53.3333
28194.883	    53.3333
28195.961	    55.6586
28197.047	    55.2486
28198.250	    49.8753
28199.445	    50.2092
28200.602	    51.9031
28201.656	    56.8720
28202.656	    60.0000
28203.781	    53.3333
28204.914	    52.9568
28206.039	    53.3333
28207.086	    57.3066
28208.102	    59.0551
28209.289	    50.5051
28210.461	    51.1945
28211.641	    50.8475
28212.703	    56.4972
28213.727	    58.6510
28214.906	    50.8475
28216.047	    52.5854
28217.164	    53.7153
28218.234	    56.0748
28219.336	    54.4465
28220.469	    52.9568
28221.578	    54.1028
28222.633	    56.8720
28223.633	    60.0000
28224.695	    56.4972
28225.891	    50.2092
28227.086	    50.2092
28228.258	    51.1945
28229.281	    58.6510
28230.297	    59.0551
28231.398	    54.4465
28232.508	    54.1028
28233.547	    57.7478
28234.516	    61.9195
28235.688	    51.1945
28236.898	    49.5458
28238.055	    51.9031
28239.148	    54.8446
28240.258	    54.1028
28241.445	    50.5051
28242.656	    49.5458
28243.773	    53.7153
28244.836	    56.4972
28245.898	    56.4972
28247.055	    51.9031
28248.234	    50.8475
28249.367	    52.9568
28250.445	    55.6586
28251.484	    57.7478
28252.641	    51.9031
28253.797	    51.9031
28254.945	    52.2648
28256.023	    55.6586
28257.031	    59.5238
28258.172	    52.5854
28259.344	    51.1945
28260.492	    52.2648
28261.555	    56.4972
28262.594	    57.7478
28263.758	    51.5464
28264.953	    50.2092
28266.117	    51.5464
28267.203	    55.2486
28268.273	    56.0748
28269.422	    52.2648
28270.586	    51.5464
28271.727	    52.5854
28272.781	    56.8720
28273.789	    59.5238
28274.945	    51.9031
28276.125	    50.8475
28277.281	    51.9031
28278.359	    55.6586
28279.398	    57.7478
28280.555	    51.9031
28281.703	    52.2648
28282.828	    53.3333
28283.859	    58.1959
28284.898	    57.7478
28286.070	    51.1945
28287.250	    50.8475
28288.391	    52.5854
28289.477	    55.2486
28290.562	    55.2486
28291.758	    50.2092
28292.922	    51.5464
28294.062	    52.5854
28295.133	    56.0748
28296.141	    59.5238
28297.297	    51.9031
28298.453	    51.9031
28299.617	    51.5464
28300.719	    54.4465
28301.797	    55.6586
28302.945	    52.2648
28304.078	    52.9568
28305.195	    53.7153
28306.234	    57.7478
28307.188	    62.9591
28308.258	    56.0748
28309.375	    53.7153
28310.484	    54.1028
28311.523	    57.7478
28312.523	    60.0000
28313.680	    51.9031
28314.812	    52.9568
28315.922	    54.1028
28316.938	    59.0551
28317.914	    61.4125
28319.039	    53.3333
28320.188	    52.2648
28321.336	    52.2648
28322.406	    56.0748
28323.430	    58.6510
28324.555	    53.3333
28325.688	    52.9568
28326.805	    53.7153
28327.805	    60.0000
28328.750	    63.4921
28329.797	    57.3066
28330.992	    50.2092
28332.172	    50.8475
28333.297	    53.3333
28334.414	    53.7153
28335.594	    50.8475
28336.781	    50.5051
28337.898	    53.7153
28338.953	    56.8720
28340.008	    56.8720
28341.195	    50.5051
28342.367	    51.1945
28343.500	    52.9568
28344.531	    58.1959
28345.609	    55.6586
28346.773	    51.5464
28347.961	    50.5051
28349.031	    56.0748
28350.023	    60.4839
28351.172	    52.2648
28352.391	    49.2207
28353.570	    50.8475
28354.711	    52.5854
28355.891	    50.8475
28357.102	    49.5458
28358.297	    50.2092
28359.438	    52.5854
28360.508	    56.0748
28361.641	    52.9568
28362.812	    51.1945
28363.953	    52.5854
28365.008	    56.8720
28366.094	    55.2486
28367.211	    53.7153
28368.312	    54.4465
28369.406	    54.8446
28370.469	    56.4972
28371.531	    56.4972
28372.734	    49.8753
28373.938	    49.8753
28375.102	    51.5464
28376.188	    55.2486
28377.195	    59.5238
28378.273	    55.6586
28379.438	    51.5464
28380.586	    52.2648
28381.656	    56.0748
28382.695	    57.7478
28383.891	    50.2092
28385.109	    49.2207
28386.281	    51.1945
28387.391	    54.1028
28388.492	    54.4465
28389.672	    50.8475
28390.867	    50.2092
28392.031	    51.5464
28393.117	    55.2486
28394.242	    53.3333
28395.438	    50.2092
28396.625	    50.5051
28397.773	    52.2648
28398.844	    56.0748
28399.922	    55.6586
28401.070	    52.2648
28402.227	    51.9031
28403.359	    52.9568
28404.414	    56.8720
28405.461	    57.3066
28406.586	    53.3333
28407.727	    52.5854
28408.867	    52.5854
28409.930	    56.4972
28410.977	    57.3066
28412.094	    53.7153
28413.258	    51.5464
28414.383	    53.3333
28415.469	    55.2486
28416.539	    56.0748
28417.680	    52.5854
28418.852	    51.1945
28419.992	    52.5854
28421.102	    54.1028
28422.188	    55.2486
28423.367	    50.8475
28424.523	    51.9031
28425.648	    53.3333
28426.711	    56.4972
28427.781	    56.0748
28428.953	    51.1945
28430.133	    50.8475
28431.273	    52.5854
28432.320	    57.3066
28433.414	    54.8446
28434.609	    50.2092
28435.797	    50.5051
28436.883	    55.2486
28437.844	    62.4350
28438.859	    59.0551
28439.930	    56.0748
28441.016	    55.2486
28442.047	    58.1959
28443.086	    57.7478
28444.148	    56.4972
28445.219	    56.0748
28446.258	    57.7478
28447.227	    61.9195
28448.273	    57.3066
28449.375	    54.4465
28450.430	    56.8720
28451.461	    58.1959
28452.406	    63.4921
28453.438	    58.1959
28454.555	    53.7153
28455.656	    54.4465
28456.641	    60.9756
28457.602	    62.4350
28458.703	    54.4465
28459.914	    49.5458
28461.062	    52.2648
28462.141	    55.6586
28463.203	    56.4972
28464.352	    52.2648
28465.469	    53.7153
28466.555	    55.2486
28467.586	    58.1959
28468.633	    57.3066
28469.805	    51.1945
28470.977	    51.1945
28472.148	    51.1945
28473.266	    53.7153
28474.344	    55.6586
28475.508	    51.5464
28476.727	    49.2207
28477.922	    50.2092
28479.031	    54.1028
28480.141	    54.1028
28481.336	    50.2092
28482.547	    49.5458
28483.688	    52.5854
28484.789	    54.4465
28485.859	    56.0748
28487.023	    51.5464
28488.203	    50.8475
28489.352	    52.2648
28490.438	    55.2486
28491.516	    55.6586
28492.664	    52.2648
28493.812	    52.2648
28494.969	    51.9031
28496.047	    55.6586
28497.125	    55.6586
28498.281	    51.9031
28499.438	    51.9031
28500.586	    52.2648
28501.648	    56.4972
28502.680	    58.1959
28503.836	    51.9031
28505.016	    50.8475
28506.164	    52.2648
28507.234	    56.0748
28508.266	    58.1959
28509.375	    54.1028
28510.531	    51.9031
28511.641	    54.1028
28512.680	    57.7478
28513.719	    57.7478
28514.828	    54.1028
28515.945	    53.7153
28517.078	    52.9568
28518.094	    59.0551
28519.148	    56.8720
28520.258	    54.1028
28521.375	    53.7153
28522.461	    55.2486
28523.508	    57.3066
28524.609	    54.4465
28525.773	    51.5464
28526.938	    51.5464
28528.031	    54.8446
28529.086	    56.8720
28530.219	    52.9568
28531.359	    52.5854
28532.484	    53.3333
28533.562	    55.6586
28534.602	    57.7478
28535.750	    52.2648
28536.922	    51.1945
28538.055	    52.9568
28539.133	    55.6586
28540.211	    55.6586
28541.344	    52.9568
28542.516	    51.1945
28543.664	    52.2648
28544.750	    55.2486
28545.789	    57.7478
28546.953	    51.5464
28548.102	    52.2648
28549.234	    52.9568
28550.312	    55.6586
28551.391	    55.6586
28552.539	    52.2648
28553.734	    50.2092
28554.703	    61.9195
28556.016	    45.7317
28557.117	    54.4465
28558.320	    49.8753
28559.516	    50.2092
28560.680	    51.5464
28561.805	    53.3333
28562.922	    53.7153
28564.148	    48.8998
28565.359	    49.5458
28566.539	    50.8475
28567.633	    54.8446
28568.742	    54.1028
28569.945	    49.8753
28571.141	    50.2092
28572.312	    51.1945
28573.398	    55.2486
28574.469	    56.0748
28575.641	    51.1945
28576.820	    50.8475
28577.953	    52.9568
28579.000	    57.3066
28580.047	    57.3066
28581.242	    50.2092
28582.406	    51.5464
28583.531	    53.3333
28584.609	    55.6586
28585.648	    57.7478
28586.820	    51.1945
28587.984	    51.5464
28589.094	    54.1028
28590.133	    57.7478
28591.188	    56.8720
28592.352	    51.5464
28593.523	    51.1945
28594.656	    52.9568
28595.742	    55.2486
28596.797	    56.8720
28597.891	    54.8446
28598.969	    55.6586
28599.984	    59.0551
28600.984	    60.0000
28602.008	    58.6510
28603.211	    49.8753
28604.430	    49.2207
28605.625	    50.2092
28606.781	    51.9031
28607.930	    52.2648
28609.125	    50.2092
28610.320	    50.2092
28611.453	    52.9568
28612.508	    56.8720
28613.453	    63.4921
28614.641	    50.5051
28615.852	    49.5458
28617.062	    49.5458
28618.234	    51.1945
28619.352	    53.7153
28620.531	    50.8475
28621.734	    49.8753
28622.930	    50.2092
28624.078	    52.2648
28625.219	    52.5854
28626.398	    50.8475
28627.578	    50.8475
28628.672	    54.8446
28629.789	    53.7153
28631.000	    49.5458
28632.219	    49.2207
28633.398	    50.8475
28634.523	    53.3333
28635.680	    51.9031
28636.836	    51.9031
28637.977	    52.5854
28639.078	    54.4465
28640.133	    56.8720
28641.305	    51.1945
28642.477	    51.1945
28643.641	    51.5464
28644.711	    56.0748
28645.789	    55.6586
28646.891	    54.4465
28648.047	    51.9031
28649.195	    52.2648
28650.281	    55.2486
28651.414	    52.9568
28652.609	    50.2092
28653.781	    51.1945
28654.914	    52.9568
28656.047	    52.9568
28657.281	    48.6224
28658.500	    49.2207
28659.664	    51.5464
28660.719	    56.8720
28661.781	    56.4972
28662.961	    50.8475
28664.156	    50.2092
28665.305	    52.2648
28666.336	    58.1959
28667.398	    56.4972
28668.562	    51.5464
28669.742	    50.8475
28670.898	    51.9031
28672.016	    53.7153
28673.219	    49.8753
28674.391	    51.1945
28675.492	    54.4465
28676.508	    59.0551
28677.508	    60.0000
28678.641	    52.9568
28679.805	    51.5464
28680.945	    52.5854
28682.031	    55.2486
28683.281	    48.0000
28684.539	    47.6948
28685.750	    49.5458
28686.844	    54.8446
28687.992	    52.2648
28689.188	    50.2092
28690.359	    51.1945
28691.469	    54.1028
28692.484	    59.0551
28693.617	    52.9568
28694.766	    52.2648
28695.906	    52.5854
28696.969	    56.4972
28698.008	    57.7478
28699.148	    52.5854
28700.328	    50.8475
28701.484	    51.9031
28702.602	    53.7153
28703.688	    55.2486
28704.852	    51.5464
28706.016	    51.5464
28707.172	    51.9031
28708.273	    54.4465
28709.367	    54.8446
28710.531	    51.5464
28711.727	    50.2092
28712.914	    50.5051
28714.008	    54.8446
28715.086	    55.6586
28716.289	    49.8753
28717.477	    50.5051
28718.641	    51.5464
28719.695	    56.8720
28720.727	    58.1959
28721.914	    50.5051
28723.062	    52.2648
28724.172	    54.1028
28725.211	    57.7478
28726.344	    52.9568
28727.570	    48.8998
28728.773	    49.8753
28729.906	    52.9568
28731.023	    53.7153
28732.164	    52.5854
28733.328	    51.5464
28734.461	    52.9568
28735.500	    57.7478
28736.578	    55.6586
28737.789	    49.5458
28738.961	    51.1945
28740.117	    51.9031
28741.156	    57.7478
28742.227	    56.0748
28743.344	    53.7153
28744.484	    52.5854
28745.578	    54.8446
28746.719	    52.5854
28747.914	    50.2092
28749.117	    49.8753
28750.281	    51.5464
28751.367	    55.2486
28752.523	    51.9031
28753.766	    48.3092
28754.969	    49.8753
28756.086	    53.7153
28757.195	    54.1028
28758.414	    49.2207
28759.641	    48.8998
28760.836	    50.2092
28761.977	    52.5854
28763.109	    52.9568
28764.312	    49.8753
28765.531	    49.2207
28766.703	    51.1945
28767.805	    54.4465
28768.859	    56.8720
28770.078	    49.2207
28771.289	    49.5458
28772.469	    50.8475
28773.547	    55.6586
28774.633	    55.2486
28775.859	    48.8998
28777.078	    49.2207
28778.219	    52.5854
28779.281	    56.4972
28780.375	    54.8446
28781.508	    52.9568
28782.617	    54.1028
28783.688	    56.0748
28784.617	    64.5161
28785.555	    63.9659
28786.578	    58.6510
28787.789	    49.5458
28788.930	    52.5854
28790.055	    53.3333
28791.188	    52.9568
28792.344	    51.9031
28793.469	    53.3333
28794.445	    61.4125
28795.336	    67.3401
28796.328	    60.4839
28797.477	    52.2648
28798.578	    54.4465
28799.617	    57.7478
28800.711	    54.8446
28801.945	    48.6224
28803.172	    48.8998
28804.328	    51.9031
28805.461	    52.9568
28806.625	    51.5464
28807.797	    51.1945
28808.945	    52.2648
28810.055	    54.1028
28811.172	    53.7153
28812.398	    48.8998
28813.625	    48.8998
28814.805	    50.8475
28815.875	    56.0748
28816.953	    55.6586
28818.148	    50.2092
28819.344	    50.2092
28820.531	    50.5051
28821.672	    52.5854
28822.820	    52.2648
28824.039	    49.2207
28825.250	    49.5458
28826.445	    50.2092
28827.531	    55.2486
28828.656	    53.3333
28829.859	    49.8753
28831.047	    50.5051
28832.188	    52.5854
28833.289	    54.4465
28834.492	    49.8753
28835.664	    51.1945
28836.805	    52.5854
28837.875	    56.0748
28838.992	    53.7153
28840.188	    50.2092
28841.391	    49.8753
28842.500	    54.1028
28843.586	    55.2486
28844.797	    49.5458
28846.023	    48.8998
28847.188	    51.5464
28848.297	    54.1028
28849.422	    53.3333
28850.617	    50.2092
28851.812	    50.2092
28852.984	    51.1945
28854.086	    54.4465
28855.273	    50.5051
28856.469	    50.2092
28857.648	    50.8475
28858.750	    54.4465
28859.773	    58.6510
28860.945	    51.1945
28862.172	    48.8998
28863.328	    51.9031
28864.453	    53.3333
28865.609	    51.9031
28866.820	    49.5458
28868.031	    49.5458
28869.195	    51.5464
28870.289	    54.8446
28871.383	    54.8446
28872.617	    48.6224
28873.828	    49.5458
28875.016	    50.5051
28876.109	    54.8446
28877.273	    51.5464
28878.453	    50.8475
28879.641	    50.5051
28880.781	    52.5854
28881.883	    54.4465
28883.062	    50.8475
28884.258	    50.2092
28885.445	    50.5051
28886.570	    53.3333
28887.695	    53.3333
28888.898	    49.8753
28890.102	    49.8753
28891.258	    51.9031
28892.375	    53.7153
28893.500	    53.3333
28894.695	    50.2092
28895.914	    49.2207
28897.094	    50.8475
28898.195	    54.4465
28899.312	    53.7153
28900.516	    49.8753
28901.695	    50.8475
28902.844	    52.2648
28903.953	    54.1028
28905.078	    53.3333
28906.289	    49.5458
28907.469	    50.8475
28908.625	    51.9031
28909.711	    55.2486
28910.805	    54.8446
28912.000	    50.2092
28913.188	    50.5051
28914.352	    51.5464
28915.469	    53.7153
28916.625	    51.9031
28917.820	    50.2092
28919.008	    50.5051
28920.117	    54.1028
28921.219	    54.4465
28922.398	    50.8475
28923.609	    49.5458
28924.773	    51.5464
28925.883	    54.1028
28927.031	    52.2648
28928.211	    50.8475
28929.398	    50.5051
28930.516	    53.7153
28931.609	    54.8446
28932.820	    49.5458
28934.031	    49.5458
28935.164	    52.9568
28936.156	    60.4839
28937.211	    56.8720
28938.344	    52.9568
28939.508	    51.5464
28940.625	    53.7153
28941.758	    52.9568
28942.953	    50.2092
28944.172	    49.2207
28945.359	    50.5051
28946.477	    53.7153
28947.570	    54.8446
28948.773	    49.8753
28949.992	    49.2207
28951.148	    51.9031
28952.234	    55.2486
28953.422	    50.5051
28954.656	    48.6224
28955.875	    49.2207
28957.023	    52.2648
28958.141	    53.7153
28959.289	    52.2648
28960.453	    51.5464
28961.617	    51.5464
28962.766	    52.2648
28963.914	    52.2648
28965.125	    49.5458
28966.312	    50.5051
28967.461	    52.2648
28968.555	    54.8446
28969.695	    52.5854
28970.898	    49.8753
28972.078	    50.8475
28973.180	    54.4465
28974.273	    54.8446
28975.445	    51.1945
28976.625	    50.8475
28977.750	    53.3333
28978.828	    55.6586
28979.945	    53.7153
28981.141	    50.2092
28982.297	    51.9031
28983.445	    52.2648
28984.523	    55.6586
28985.688	    51.5464
28986.867	    50.8475
28988.055	    50.5051
28989.156	    54.4465
28990.273	    53.7153
28991.477	    49.8753
28992.727	    48.0000
28993.930	    49.8753
28995.094	    51.5464
28996.250	    51.9031
28997.477	    48.8998
28998.711	    48.6224
28999.891	    50.8475
29001.000	    54.1028
29002.125	    53.3333
29003.289	    51.5464
29004.453	    51.5464
29005.594	    52.5854
29006.688	    54.8446
29007.875	    50.5051
29009.055	    50.8475
29010.250	    50.2092
29011.398	    52.2648
29012.539	    52.5854
29013.758	    49.2207
29014.984	    48.8998
29016.156	    51.1945
29017.250	    54.8446
29018.414	    51.5464
29019.648	    48.6224
29020.867	    49.2207
29022.016	    52.2648
29023.094	    55.6586
29024.281	    50.5051
29025.500	    49.2207
29026.688	    50.5051
29027.812	    53.3333
29028.945	    52.9568
29030.156	    49.5458
29031.375	    49.2207
29032.547	    51.1945
29033.664	    53.7153
29034.828	    51.5464
29035.984	    51.9031
29037.133	    52.2648
29038.234	    54.4465
29039.281	    57.3066
29040.492	    49.5458
29041.695	    49.8753
29042.898	    49.8753
29044.055	    51.9031
29045.211	    51.9031
29046.430	    49.2207
29047.664	    48.6224
29048.859	    50.2092
29049.945	    55.2486
29051.141	    50.2092
29052.414	    47.1328
29053.664	    48.0000
29054.891	    48.8998
29056.039	    52.2648
29057.195	    51.9031
29058.430	    48.6224
29059.648	    49.2207
29060.820	    51.1945
29061.883	    56.4972
29062.953	    56.0748
29064.164	    49.5458
29065.398	    48.6224
29066.570	    51.1945
29067.664	    54.8446
29068.789	    53.3333
29070.023	    48.6224
29071.250	    48.8998
29072.430	    50.8475
29073.531	    54.4465
29074.625	    54.8446
29075.797	    51.1945
29076.992	    50.2092
29078.180	    50.5051
29079.312	    52.9568
29080.500	    50.5051
29081.750	    48.0000
29083.000	    48.0000
29084.203	    49.8753
29085.328	    53.3333
29086.477	    52.2648
29087.711	    48.6224
29088.883	    51.1945
29090.016	    52.9568
29091.109	    54.8446
29092.227	    53.7153
29093.461	    48.6224
29094.672	    49.5458
29095.859	    50.5051
29096.961	    54.4465
29098.094	    52.9568
29099.289	    50.2092
29100.484	    50.2092
29101.594	    54.1028
29102.672	    55.6586
29103.844	    51.1945
29105.070	    48.8998
29106.266	    50.2092
29107.398	    52.9568
29108.414	    59.0551
29109.547	    52.9568
29110.789	    48.3092
29112.031	    48.3092
29113.242	    49.5458
29114.406	    51.5464
29115.609	    49.8753
29116.867	    47.6948
29118.117	    48.0000
29119.312	    50.2092
29120.477	    51.5464
29121.672	    50.2092
29122.883	    49.5458
29124.078	    50.2092
29125.195	    53.7153
29126.320	    53.3333
29127.492	    51.1945
29128.719	    48.8998
29129.914	    50.2092
29131.039	    53.3333
29132.258	    49.2207
29133.477	    49.2207
29134.641	    51.5464
29135.766	    53.3333
29136.930	    51.5464
29138.156	    48.8998
29139.352	    50.2092
29140.492	    52.5854
29141.648	    51.9031
29142.875	    48.8998
29144.070	    50.2092
29145.234	    51.5464
29146.305	    56.0748
29147.477	    51.1945
29148.719	    48.3092
29149.930	    49.5458
29151.062	    52.9568
29152.227	    51.5464
29153.461	    48.6224
29154.688	    48.8998
29155.828	    52.5854
29156.914	    55.2486
29158.070	    51.9031
29159.250	    50.8475
29160.383	    52.9568
29161.422	    57.7478
29162.516	    54.8446
29163.734	    49.2207
29164.992	    47.6948
29166.133	    52.5854
29167.273	    52.5854
29168.469	    50.2092
29169.703	    48.6224
29170.859	    51.9031
29172.023	    51.5464
29173.289	    47.3934
29174.500	    49.5458
29175.641	    52.5854
29176.641	    60.0000
29177.734	    54.8446
29178.867	    52.9568
29179.945	    55.6586
29180.883	    63.9659
29181.938	    56.8720
29183.117	    50.8475
29184.359	    48.3092
29185.570	    49.5458
29186.820	    48.0000
29188.055	    48.6224
29189.227	    51.1945
29190.320	    54.8446
29191.453	    52.9568
29192.672	    49.2207
29193.891	    49.2207
29195.039	    52.2648
29196.211	    51.1945
29197.430	    49.2207
29198.656	    48.8998
29199.812	    51.9031
29200.922	    54.1028
29202.117	    50.2092
29203.375	    47.6948
29204.594	    49.2207
29205.734	    52.5854
29206.898	    51.5464
29208.125	    48.8998
29209.328	    49.8753
29210.477	    52.2648
29211.516	    57.7478
29212.688	    51.1945
29213.859	    51.1945
29215.008	    52.2648
29216.172	    51.5464
29217.297	    53.3333
29218.508	    49.5458
29219.766	    47.6948
29220.984	    49.2207
29222.156	    51.1945
29223.328	    51.1945
29224.570	    48.3092
29225.789	    49.2207
29226.984	    50.2092
29228.125	    52.5854
29229.344	    49.2207
29230.570	    48.8998
29231.789	    49.2207
29232.945	    51.9031
29234.125	    50.8475
29235.359	    48.6224
29236.578	    49.2207
29237.742	    51.5464
29238.836	    54.8446
29239.961	    53.3333
29241.164	    49.8753
29242.367	    49.8753
29243.492	    53.3333
29244.562	    56.0748
29245.734	    51.1945
29246.930	    50.2092
29248.109	    50.8475
29249.234	    53.3333
29250.398	    51.5464
29251.625	    48.8998
29252.820	    50.2092
29253.906	    55.2486
29254.914	    59.5238
29255.977	    56.4972
29257.125	    52.2648
29258.258	    52.9568
29259.312	    56.8720
29260.430	    53.7153
29261.641	    49.5458
29262.828	    50.5051
29263.945	    53.7153
29265.062	    53.7153
29266.242	    50.8475
29267.422	    50.8475
29268.617	    50.2092
29269.773	    51.9031
29270.969	    50.2092
29272.195	    48.8998
29273.430	    48.6224
29274.617	    50.5051
29275.766	    52.2648
29276.961	    50.2092
29278.164	    49.8753
29279.367	    49.8753
29280.531	    51.5464
29281.688	    51.9031
29282.906	    49.2207
29284.070	    51.5464
29285.164	    54.8446
29286.172	    59.5238
29287.227	    56.8720
29288.477	    48.0000
29289.742	    47.3934
29290.906	    51.5464
29292.039	    52.9568
29293.258	    49.2207
29294.516	    47.6948
29295.734	    49.2207
29296.891	    51.9031
29298.078	    50.5051
29299.289	    49.5458
29300.477	    50.5051
29301.625	    52.2648
29302.758	    52.9568
29303.961	    49.8753
29305.180	    49.2207
29306.328	    52.2648
29307.406	    55.6586
29308.500	    54.8446
29309.734	    48.6224
29310.953	    49.2207
29312.125	    51.1945
29313.234	    54.1028
29314.438	    49.8753
29315.688	    48.0000
29316.922	    48.6224
29318.070	    52.2648
29319.211	    52.5854
29320.422	    49.5458
29321.648	    48.8998
29322.805	    51.9031
29323.852	    57.3066
29325.078	    48.8998
29326.305	    48.8998
29327.531	    48.8998
29328.695	    51.5464
29329.930	    48.6224
29331.172	    48.3092
29332.414	    48.3092
29333.602	    50.5051
29334.773	    51.1945
29336.008	    48.6224
29337.242	    48.6224
29338.438	    50.2092
29339.555	    53.7153
29340.727	    51.1945
29341.977	    48.0000
29343.219	    48.3092
29344.367	    52.2648
29345.508	    52.5854
29346.750	    48.3092
29347.992	    48.3092
29349.203	    49.5458
29350.320	    53.7153
29351.461	    52.5854
29352.688	    48.8998
29353.922	    48.6224
29355.102	    50.8475
29356.344	    48.3092
29357.609	    47.3934
29358.859	    48.0000
29360.039	    50.8475
29361.219	    50.8475
29362.492	    47.1328
29363.727	    48.6224
29364.883	    51.9031
29365.969	    55.2486
29367.055	    55.2486
29368.281	    48.8998
29369.492	    49.5458
29370.664	    51.1945
29371.805	    52.5854
29372.953	    52.2648
29374.156	    49.8753
29375.375	    49.2207
29376.539	    51.5464
29377.648	    54.1028
29378.820	    51.1945
29380.070	    48.0000
29381.305	    48.6224
29382.492	    50.5051
29383.609	    53.7153
29384.781	    51.1945
29386.055	    47.1328
29387.281	    48.8998
29388.484	    49.8753
29389.617	    52.9568
29390.820	    49.8753
29392.070	    48.0000
29393.281	    49.5458
29394.359	    55.6586
29395.484	    53.3333
29396.680	    50.2092
29397.875	    50.2092
29399.055	    50.8475
29400.188	    52.9568
29401.391	    49.8753
29402.664	    47.1328
29403.906	    48.3092
29405.078	    51.1945
29406.211	    52.9568
29407.398	    50.5051
29408.617	    49.2207
29409.797	    50.8475
29410.938	    52.5854
29412.078	    52.5854
29413.305	    48.8998
29414.523	    49.2207
29415.680	    51.9031
29416.844	    51.5464
29418.047	    49.8753
29419.234	    50.5051
29420.312	    55.6586
29421.312	    60.0000
29422.523	    49.5458
29423.742	    49.2207
29424.961	    49.2207
29426.070	    54.1028
29427.039	    61.9195
29428.102	    56.4972
29429.273	    51.1945
29430.414	    52.5854
29431.578	    51.5464
29432.867	    46.5477
29434.195	    45.1807
29435.477	    46.8384
29436.711	    48.6224
29437.961	    48.0000
29439.234	    47.1328
29440.438	    49.8753
29441.555	    53.7153
29442.719	    51.5464
29443.945	    48.8998
29445.164	    49.2207
29446.375	    49.5458
29447.539	    51.5464
29448.734	    50.2092
29450.008	    47.1328
29451.250	    48.3092
29452.430	    50.8475
29453.586	    51.9031
29454.836	    48.0000
29456.070	    48.6224
29457.242	    51.1945
29458.414	    51.1945
29459.680	    47.3934
29460.922	    48.3092
29462.094	    51.1945
29463.234	    52.5854
29464.367	    52.9568
29465.562	    50.2092
29466.750	    50.5051
29467.875	    53.3333
29469.023	    52.2648
29470.273	    48.0000
29471.531	    47.6948
29472.734	    49.8753
29473.898	    51.5464
29475.062	    51.5464
29476.320	    47.6948
29477.547	    48.8998
29478.688	    52.5854
29479.844	    51.9031
29481.102	    47.6948
29482.359	    47.6948
29483.586	    48.8998
29484.742	    51.9031
29485.906	    51.5464
29487.172	    47.3934
29488.414	    48.3092
29489.578	    51.5464
29490.750	    51.1945
29491.969	    49.2207
29493.148	    50.8475
29494.281	    52.9568
29495.352	    56.0748
29496.547	    50.2092
29497.789	    48.3092
29498.984	    50.2092
29500.094	    54.1028
29501.266	    51.1945
29502.508	    48.3092
29503.742	    48.6224
29504.906	    51.5464
29506.039	    52.9568
29507.242	    49.8753
29508.461	    49.2207
29509.641	    50.8475
29510.758	    53.7153
29511.914	    51.9031
29513.172	    47.6948
29514.453	    46.8384
29515.727	    47.1328
29516.922	    50.2092
29518.164	    48.3092
29519.422	    47.6948
29520.672	    48.0000
29521.852	    50.8475
29523.008	    51.9031
29524.258	    48.0000
29525.500	    48.3092
29526.695	    50.2092
29527.844	    52.2648
29529.023	    50.8475
29530.328	    45.9770
29531.570	    48.3092
29532.766	    50.2092
29533.906	    52.5854
29535.070	    51.5464
29536.320	    48.0000
29537.523	    49.8753
29538.734	    49.5458
29539.898	    51.5464
29541.141	    48.3092
29542.422	    46.8384
29543.664	    48.3092
29544.828	    51.5464
29546.047	    49.2207
29547.297	    48.0000
29548.508	    49.5458
29549.727	    49.2207
29550.883	    51.9031
29552.023	    52.5854
29553.281	    47.6948
29554.508	    48.8998
29555.680	    51.1945
29556.844	    51.5464
29558.047	    49.8753
29559.258	    49.5458
29560.461	    49.8753
29561.617	    51.9031
29562.805	    50.5051
29564.008	    49.8753
29565.203	    50.2092
29566.352	    52.2648
29567.500	    52.2648
29568.680	    50.8475
29569.852	    51.1945
29571.000	    52.2648
29572.078	    55.6586
29573.203	    53.3333
29574.492	    46.5477
29575.797	    45.9770
29577.086	    46.5477
29578.297	    49.5458
29579.516	    49.2207
29580.805	    46.5477
29582.023	    49.2207
29583.227	    49.8753
29584.367	    52.5854
29585.516	    52.2648
29586.797	    46.8384
29588.031	    48.6224
29589.242	    49.5458
29590.391	    52.2648
29591.578	    50.5051
29592.875	    46.2606
29594.172	    46.2606
29595.391	    49.2207
29596.547	    51.9031
29597.703	    51.9031
29598.930	    48.8998
29600.164	    48.6224
29601.367	    49.8753
29602.570	    49.8753
29603.844	    47.1328
29605.094	    48.0000
29606.289	    50.2092
29607.453	    51.5464
29608.648	    50.2092
29609.883	    48.6224
29611.141	    47.6948
29612.352	    49.5458
29613.578	    48.8998
29614.867	    46.5477
29616.117	    48.0000
29617.281	    51.5464
29618.430	    52.2648
29619.625	    50.2092
29620.883	    47.6948
29622.078	    50.2092
29623.188	    54.1028
29624.383	    50.2092
29625.625	    48.3092
29626.828	    49.8753
29627.984	    51.9031
29629.094	    54.1028
29630.305	    49.5458
29631.547	    48.3092
29632.711	    51.5464
29633.836	    53.3333
29635.016	    50.8475
29636.305	    46.5477
29637.523	    49.2207
29638.719	    50.2092
29639.766	    57.3066
29640.875	    54.1028
29642.117	    48.3092
29643.328	    49.5458
29644.508	    50.8475
29645.641	    52.9568
29646.766	    53.3333
29647.984	    49.2207
29649.156	    51.1945
29650.297	    52.5854
29651.453	    51.9031
29652.688	    48.6224
29653.906	    49.2207
29655.086	    50.8475
29656.281	    50.2092
29657.500	    49.2207
29658.719	    49.2207
29659.930	    49.5458
29661.070	    52.5854
29662.234	    51.5464
29663.484	    48.0000
29664.711	    48.8998
29665.898	    50.5051
29667.086	    50.5051
29668.383	    46.2606
29669.664	    46.8384
29670.883	    49.2207
29672.070	    50.5051
29673.164	    54.8446
29674.383	    49.2207
29675.625	    48.3092
29676.859	    48.6224
29678.094	    48.6224
29679.281	    50.5051
29680.547	    47.3934
29681.844	    46.2606
29683.109	    47.3934
29684.344	    48.6224
29685.508	    51.5464
29686.695	    50.5051
29687.945	    48.0000
29689.227	    46.8384
29690.461	    48.6224
29691.625	    51.5464
29692.836	    49.5458
29694.078	    48.3092
29695.289	    49.5458
29696.453	    51.5464
29697.625	    51.1945
29698.875	    48.0000
29700.117	    48.3092
29701.312	    50.2092
29702.469	    51.9031
29703.664	    50.2092
29704.859	    50.2092
29706.047	    50.5051
29707.227	    50.8475
29708.430	    49.8753
29709.758	    45.1807
29711.055	    46.2606
29712.266	    49.5458
29713.508	    48.3092
29714.797	    46.5477
29716.078	    46.8384
29717.289	    49.5458
29718.484	    50.2092
29719.766	    46.8384
29720.984	    49.2207
29722.203	    49.2207
29723.391	    50.5051
29724.578	    50.5051
29725.797	    49.2207
29727.031	    48.6224
29728.242	    49.5458
29729.383	    52.5854
29730.570	    50.5051
29731.812	    48.3092
29733.039	    48.8998
29734.195	    51.9031
29735.352	    51.9031
29736.602	    48.0000
29737.812	    49.5458
29739.000	    50.5051
29740.047	    57.3066
29741.102	    56.8720
29742.352	    48.0000
29743.562	    49.5458
29744.711	    52.2648
29745.859	    52.2648
29747.023	    51.5464
29748.195	    51.1945
29749.320	    53.3333
29750.523	    49.8753
29751.789	    47.3934
29753.031	    48.3092
29754.219	    50.5051
29755.375	    51.9031
29756.617	    48.3092
29757.875	    47.6948
29759.078	    49.8753
29760.219	    52.5854
29761.469	    48.0000
29762.742	    47.1328
29763.961	    49.2207
29765.125	    51.5464
29766.289	    51.5464
29767.555	    47.3934
29768.836	    46.8384
29770.023	    50.5051
29771.195	    51.1945
29772.422	    48.8998
29773.672	    48.0000
29774.898	    48.8998
29776.086	    50.5051
29777.305	    49.2207
29778.555	    48.0000
29779.750	    50.2092
29780.906	    51.9031
29782.078	    51.1945
29783.375	    46.2606
29784.680	    45.9770
29785.938	    47.6948
29787.109	    51.1945
29788.320	    49.5458
29789.586	    47.3934
29790.820	    48.6224
29791.984	    51.5464
29793.164	    50.8475
29794.391	    48.8998
29795.609	    49.2207
29796.766	    51.9031
29797.914	    52.2648
29799.172	    47.6948
29800.445	    47.1328
29801.641	    50.2092
29802.836	    50.2092
29804.109	    47.1328
29805.336	    48.8998
29806.477	    52.5854
29807.508	    58.1959
29808.711	    49.8753
29809.938	    48.8998
29811.148	    49.5458
29812.305	    51.9031
29813.508	    49.8753
29814.766	    47.6948
29815.992	    48.8998
29817.172	    50.8475
29818.359	    50.5051
29819.609	    48.0000
29820.883	    47.1328
29822.078	    50.2092
29823.227	    52.2648
29824.320	    54.8446
29825.516	    50.2092
29826.680	    51.5464
29827.781	    54.4465
29828.852	    56.0748
29830.141	    46.5477
29831.414	    47.1328
29832.641	    48.8998
29833.805	    51.5464
29835.023	    49.2207
29836.242	    49.2207
29837.453	    49.5458
29838.609	    51.9031
29839.789	    50.8475
29841.047	    47.6948
29842.297	    48.0000
29843.516	    49.2207
29844.680	    51.5464
29845.875	    50.2092
29847.109	    48.6224
29848.344	    48.6224
29849.539	    50.2092
29850.695	    51.9031
29851.977	    46.8384
29853.258	    46.8384
29854.516	    47.6948
29855.711	    50.2092
29856.914	    49.8753
29858.242	    45.1807
29859.523	    46.8384
29860.719	    50.2092
29861.922	    49.8753
29863.180	    47.6948
29864.383	    49.8753
29865.508	    53.3333
29866.703	    50.2092
29867.930	    48.8998
29869.125	    50.2092
29870.312	    50.5051
29871.562	    48.0000
29872.836	    47.1328
29874.070	    48.6224
29875.242	    51.1945
29876.453	    49.5458
29877.695	    48.3092
29878.922	    48.8998
29880.117	    50.2092
29881.336	    49.2207
29882.609	    47.1328
29883.852	    48.3092
29885.031	    50.8475
29886.219	    50.5051
29887.484	    47.3934
29888.734	    48.0000
29889.961	    48.8998
29891.125	    51.5464
29892.312	    50.5051
29893.547	    48.6224
29894.789	    48.3092
29896.000	    49.5458
29897.219	    49.2207
29898.516	    46.2606
29899.805	    46.5477
