40501.375	    56.8720
40502.406	    58.1959
40503.430	    58.6510
40504.477	    57.3066
40505.492	    59.0551
40506.516	    58.6510
40507.555	    57.7478
40508.594	    57.7478
40509.586	    60.4839
40510.594	    59.5238
40511.648	    56.8720
40512.672	    58.6510
40513.688	    59.0551
40514.711	    58.6510
40515.742	    58.1959
40516.789	    57.3066
40517.812	    58.6510
40518.852	    57.7478
40519.898	    57.3066
40520.898	    60.0000
40521.891	    60.4839
40522.891	    60.0000
40523.914	    58.6510
40524.914	    60.0000
40525.961	    57.3066
40527.023	    56.4972
40528.086	    56.4972
40529.141	    56.8720
40530.211	    56.0748
40531.281	    56.0748
40532.312	    58.1959
40533.344	    58.1959
40534.383	    57.7478
40535.422	    57.7478
40536.469	    57.3066
40537.516	    57.3066
40538.570	    56.8720
40539.602	    58.1959
40540.633	    58.1959
40541.703	    56.0748
40542.766	    56.4972
40543.805	    57.7478
40544.836	    58.1959
40545.828	    60.4839
40546.828	    60.0000
40547.883	    56.8720
40548.891	    59.5238
40549.898	    59.5238
40550.914	    59.0551
40551.953	    57.7478
40552.977	    58.6510
40554.039	    56.4972
40555.117	    55.6586
40556.164	    57.3066
40557.172	    59.5238
40558.219	    57.3066
40559.227	    59.5238
40560.227	    60.0000
40561.242	    59.0551
40562.297	    56.8720
40563.367	    56.0748
40564.375	    59.5238
40565.406	    58.1959
40566.422	    59.0551
40567.430	    59.5238
40568.461	    58.1959
40569.492	    58.1959
40570.492	    60.0000
40571.531	    57.7478
40572.617	    55.2486
40573.664	    57.3066
40574.688	    58.6510
40575.742	    56.8720
40576.828	    55.2486
40577.914	    55.2486
40578.953	    57.7478
40579.930	    61.4125
40580.945	    59.0551
40581.961	    59.0551
40583.008	    57.3066
40584.070	    56.4972
40585.141	    56.0748
40586.195	    56.8720
40587.219	    58.6510
40588.258	    57.7478
40589.297	    57.7478
40590.359	    56.4972
40591.461	    54.4465
40592.531	    56.0748
40593.562	    58.1959
40594.609	    57.3066
40595.656	    57.3066
40596.695	    57.7478
40597.734	    57.7478
40598.812	    55.6586
40599.867	    56.8720
40600.906	    57.7478
40601.977	    56.0748
40603.047	    56.0748
40604.133	    55.2486
40605.188	    56.8720
40606.297	    54.1028
40607.383	    55.2486
40608.484	    54.4465
40609.570	    55.2486
40610.648	    55.6586
40611.703	    56.8720
40612.742	    57.7478
40613.781	    57.7478
40614.805	    58.6510
40615.828	    58.6510
40616.891	    56.4972
40617.945	    56.8720
40619.023	    55.6586
40620.062	    57.7478
40621.094	    58.1959
40622.164	    56.0748
40623.250	    55.2486
40624.328	    55.6586
40625.438	    54.1028
40626.586	    52.2648
40627.688	    54.4465
40628.766	    55.6586
40629.891	    53.3333
40631.023	    52.9568
40632.086	    56.4972
40633.172	    55.2486
40634.258	    55.2486
40635.344	    55.2486
40636.398	    56.8720
40637.477	    55.6586
40638.570	    54.8446
40639.656	    55.2486
40640.719	    56.4972
40641.820	    54.4465
40642.875	    56.8720
40643.938	    56.4972
40645.016	    55.6586
40646.055	    57.7478
40647.055	    60.0000
40648.078	    58.6510
40649.102	    58.6510
40650.109	    59.5238
40651.109	    60.0000
40652.133	    58.6510
40653.156	    58.6510
40654.172	    59.0551
40655.195	    58.6510
40656.234	    57.7478
40657.281	    57.3066
40658.289	    59.5238
40659.375	    55.2486
40660.406	    58.1959
40661.438	    58.1959
40662.438	    60.0000
40663.430	    60.4839
40664.445	    59.0551
40665.477	    58.1959
40666.508	    58.1959
40667.562	    56.8720
40668.625	    56.4972
40669.656	    58.1959
40670.664	    59.5238
40671.695	    58.1959
40672.750	    56.8720
40673.781	    58.1959
40674.781	    60.0000
40675.812	    58.1959
40676.867	    56.8720
40677.883	    59.0551
40678.930	    57.3066
40680.016	    55.2486
40681.055	    57.7478
40682.086	    58.1959
40683.156	    56.0748
40684.203	    57.3066
40685.242	    57.7478
40686.273	    58.1959
40687.312	    57.7478
40688.320	    59.5238
40689.344	    58.6510
40690.391	    57.3066
40691.453	    56.4972
40692.484	    58.1959
40693.555	    56.0748
40694.617	    56.4972
40695.688	    56.0748
40696.703	    59.0551
40697.727	    58.6510
40698.758	    58.1959
40699.773	    59.0551
40700.844	    56.0748
40701.906	    56.4972
40702.992	    55.2486
40704.023	    58.1959
40705.062	    57.7478
40706.117	    56.8720
40707.148	    58.1959
40708.188	    57.7478
40709.289	    54.4465
40710.375	    55.2486
40711.398	    58.6510
40712.445	    57.3066
40713.562	    53.7153
40714.625	    56.4972
40715.656	    58.1959
40716.680	    58.6510
40717.742	    56.4972
40718.781	    57.7478
40719.789	    59.5238
40720.867	    55.6586
40721.984	    53.7153
40723.023	    57.7478
40724.078	    56.8720
40725.148	    56.0748
40726.211	    56.4972
40727.250	    57.7478
40728.273	    58.6510
40729.344	    56.0748
40730.406	    56.4972
40731.383	    61.4125
40732.367	    60.9756
40733.391	    58.6510
40734.430	    57.7478
40735.453	    58.6510
40736.531	    55.6586
40737.586	    56.8720
40738.602	    59.0551
40739.586	    60.9756
40740.609	    58.6510
40741.672	    56.4972
40742.750	    55.6586
40743.781	    58.1959
40744.867	    55.2486
40745.961	    54.8446
40747.047	    55.2486
40748.078	    58.1959
40749.180	    54.4465
40750.266	    55.2486
40751.312	    57.3066
40752.375	    56.4972
40753.523	    52.2648
40754.695	    51.1945
40755.766	    56.0748
40756.953	    50.5051
40758.070	    53.7153
40759.039	    61.9195
40759.922	    67.9502
40760.766	    71.0900
40761.602	    71.7703
40762.422	    73.1707
40763.258	    71.7703
40764.117	    69.8487
40765.023	    66.2252
40765.984	    62.4350
40766.977	    60.4839
40768.016	    57.7478
40769.008	    60.4839
40770.008	    60.0000
40771.023	    59.0551
40772.031	    59.5238
40773.023	    60.4839
40774.023	    60.0000
40775.047	    58.6510
40776.047	    60.0000
40777.055	    59.5238
40778.070	    59.0551
40779.125	    56.8720
40780.203	    55.6586
40781.266	    56.4972
40782.430	    51.5464
40783.570	    52.5854
40784.695	    53.3333
40785.805	    54.1028
40786.914	    54.1028
40788.008	    54.8446
40789.047	    57.7478
40790.203	    51.9031
40791.367	    51.5464
40792.445	    55.6586
40793.523	    55.6586
40794.586	    56.4972
40795.664	    55.6586
40796.688	    58.6510
40797.727	    57.7478
40798.859	    52.9568
40799.914	    56.8720
40800.977	    56.4972
40801.961	    60.9756
40802.992	    58.1959
40804.023	    58.1959
40805.102	    55.6586
40806.195	    54.8446
40807.281	    55.2486
40808.320	    57.7478
40809.406	    55.2486
40810.484	    55.6586
40811.539	    56.8720
40812.617	    55.6586
40813.711	    54.8446
40814.789	    55.6586
40815.828	    57.7478
40816.875	    57.3066
40817.914	    57.7478
40818.938	    58.6510
40819.977	    57.7478
40821.070	    54.8446
40822.156	    55.2486
40823.211	    56.8720
40824.258	    57.3066
40825.359	    54.4465
40826.430	    56.0748
40827.477	    57.3066
40828.531	    56.8720
40829.562	    58.1959
40830.562	    60.0000
40831.586	    58.6510
40832.617	    58.1959
40833.680	    56.4972
40834.727	    57.3066
40835.766	    57.7478
40836.781	    59.0551
40837.820	    57.7478
40838.820	    60.0000
40839.883	    56.4972
40841.016	    52.9568
40842.141	    53.3333
40843.219	    55.6586
40844.312	    54.8446
40845.414	    54.4465
40846.469	    56.8720
40847.562	    54.8446
40848.672	    54.1028
40849.766	    54.8446
40850.789	    58.6510
40851.805	    59.0551
40852.836	    58.1959
40853.859	    58.6510
40854.867	    59.5238
40855.891	    58.6510
40856.914	    58.6510
40857.984	    56.0748
40859.062	    55.6586
40860.172	    54.1028
40861.219	    57.3066
40862.234	    59.0551
40863.312	    55.6586
40864.398	    55.2486
40865.477	    55.6586
40866.594	    53.7153
40867.727	    52.9568
40868.805	    55.6586
40869.930	    53.3333
40871.125	    50.2092
40872.352	    48.8998
40873.516	    51.5464
40874.680	    51.5464
40875.828	    52.2648
40876.930	    54.4465
40878.031	    54.4465
40879.125	    54.8446
40880.234	    54.1028
40881.336	    54.4465
40882.492	    51.9031
40883.625	    52.9568
40884.781	    51.9031
40885.984	    49.8753
40887.156	    51.1945
40888.312	    51.9031
40889.453	    52.5854
40890.555	    54.4465
40891.609	    56.8720
40892.695	    55.2486
40893.812	    53.7153
40894.938	    53.3333
40896.000	    56.4972
40897.070	    56.0748
40898.156	    55.2486
40899.203	    57.3066
40900.273	    56.0748
40901.367	    54.8446
40902.469	    54.4465
40903.516	    57.3066
40904.633	    53.7153
40905.758	    53.3333
40906.820	    56.4972
40907.961	    52.5854
40909.109	    52.2648
40910.219	    54.1028
40911.258	    57.7478
40912.320	    56.4972
40913.406	    55.2486
40914.453	    57.3066
40915.523	    56.0748
40916.617	    54.8446
40917.672	    56.8720
40918.773	    54.4465
40919.828	    56.8720
40920.852	    58.6510
40921.875	    58.6510
40922.922	    57.3066
40923.953	    58.1959
40924.953	    60.0000
40925.984	    58.1959
40926.984	    60.0000
40927.945	    62.4350
40928.883	    63.9659
40929.820	    63.9659
40930.711	    67.3401
40931.641	    64.5161
40932.633	    60.4839
40933.680	    57.3066
40934.734	    56.8720
40935.789	    56.8720
40936.883	    54.8446
40937.938	    56.8720
40938.961	    58.6510
40939.961	    60.0000
40941.039	    55.6586
40942.094	    56.8720
40943.148	    56.8720
40944.195	    57.3066
40945.297	    54.4465
40946.391	    54.8446
40947.461	    56.0748
40948.523	    56.4972
40949.594	    56.0748
40950.656	    56.4972
40951.688	    58.1959
40952.742	    56.8720
40953.766	    58.6510
40954.812	    57.3066
40955.867	    56.8720
40956.938	    56.0748
40957.992	    56.8720
40959.008	    59.0551
40960.086	    55.6586
40961.156	    56.0748
40962.227	    56.0748
40963.312	    55.2486
40964.406	    54.8446
40965.500	    54.8446
40966.555	    56.8720
40967.602	    57.3066
40968.711	    54.1028
40969.742	    58.1959
40970.727	    60.9756
40971.781	    56.8720
40972.867	    55.2486
40973.945	    55.6586
40975.008	    56.4972
40976.141	    52.9568
40977.297	    51.9031
40978.336	    57.7478
40979.445	    54.1028
40980.578	    52.9568
40981.727	    52.2648
40982.758	    58.1959
40983.836	    55.6586
40984.906	    56.0748
40985.938	    58.1959
40987.008	    56.0748
40988.117	    54.1028
40989.234	    53.7153
40990.312	    55.6586
40991.367	    56.8720
40992.430	    56.4972
40993.477	    57.3066
40994.500	    58.6510
40995.562	    56.4972
40996.664	    54.4465
40997.734	    56.0748
40998.805	    56.0748
40999.828	    58.6510
41000.852	    58.6510
41001.891	    57.7478
41002.898	    59.5238
41003.977	    55.6586
41005.023	    57.3066
41006.070	    57.3066
41007.125	    56.8720
41008.219	    54.8446
41009.328	    54.1028
41010.430	    54.4465
41011.461	    58.1959
41012.547	    55.2486
41013.648	    54.4465
41014.750	    54.4465
41015.852	    54.4465
41017.141	    46.5477
41018.305	    51.5464
41019.414	    54.1028
41020.391	    61.4125
41021.312	    65.0759
41022.211	    66.8151
41023.156	    63.4921
41024.281	    53.3333
41025.453	    51.1945
41026.617	    51.5464
41027.789	    51.1945
41028.945	    51.9031
41030.039	    54.8446
41031.141	    54.4465
41032.312	    51.1945
41033.453	    52.5854
41034.602	    52.2648
41035.758	    51.9031
41036.875	    53.7153
41037.992	    53.7153
41039.039	    57.3066
41040.148	    54.1028
41041.258	    54.1028
41042.312	    56.8720
41043.336	    58.6510
41044.391	    56.8720
41045.492	    54.4465
41046.570	    55.6586
41047.641	    56.0748
41048.742	    54.4465
41049.844	    54.4465
41050.930	    55.2486
41052.016	    55.2486
41053.125	    54.1028
41054.219	    54.8446
41055.297	    55.6586
41056.367	    56.0748
41057.438	    56.0748
41058.492	    56.8720
41059.570	    55.6586
41060.641	    56.0748
41061.703	    56.4972
41062.773	    56.0748
41063.844	    56.0748
41064.906	    56.4972
41065.961	    56.8720
41067.039	    55.6586
41068.086	    57.3066
41069.133	    57.3066
41070.094	    62.4350
41071.039	    63.4921
41072.016	    61.4125
41073.000	    60.9756
41074.008	    59.5238
41075.016	    59.5238
41075.992	    61.4125
41076.953	    62.4350
41077.977	    58.6510
41079.000	    58.6510
41080.008	    59.5238
41081.008	    60.0000
41082.055	    57.3066
41083.125	    56.0748
41084.188	    56.4972
41085.219	    58.1959
41086.297	    55.6586
41087.352	    56.8720
41088.422	    56.0748
41089.547	    53.3333
41090.680	    52.9568
41091.758	    55.6586
41092.828	    56.0748
41093.930	    54.4465
41095.086	    51.9031
41096.203	    53.7153
41097.281	    55.6586
41098.336	    56.8720
41099.391	    56.8720
41100.484	    54.8446
41101.609	    53.3333
41102.797	    50.5051
41103.969	    51.1945
41105.125	    51.9031
41106.336	    49.5458
41107.508	    51.1945
41108.703	    50.2092
41109.828	    53.3333
41110.969	    52.5854
41112.102	    52.9568
41113.188	    55.2486
41114.273	    55.2486
41115.367	    54.8446
41116.477	    54.1028
41117.539	    56.4972
41118.680	    52.5854
41119.812	    52.9568
41120.922	    54.1028
41122.008	    55.2486
41123.117	    54.1028
41124.211	    54.8446
41125.289	    55.6586
41126.383	    54.8446
41127.469	    55.2486
41128.516	    57.3066
41129.594	    55.6586
41130.656	    56.4972
41131.695	    57.7478
41132.734	    57.7478
41133.789	    56.8720
41134.906	    53.7153
41136.047	    52.5854
41137.148	    54.4465
41138.250	    54.4465
41139.312	    56.4972
41140.328	    59.0551
41141.344	    59.0551
41142.359	    59.0551
41143.461	    54.4465
41144.586	    53.3333
41145.680	    54.8446
41146.828	    52.2648
41147.945	    53.7153
41149.047	    54.4465
41150.133	    55.2486
41151.227	    54.8446
41152.289	    56.4972
41153.352	    56.4972
41154.445	    54.8446
41155.586	    52.5854
41156.680	    54.8446
41157.766	    55.2486
41158.875	    54.1028
41159.938	    56.4972
41161.008	    56.0748
41162.109	    54.4465
41163.203	    54.8446
41164.305	    54.4465
41165.398	    54.8446
41166.523	    53.3333
41167.641	    53.7153
41168.820	    50.8475
41169.945	    53.3333
41171.086	    52.5854
41172.180	    54.8446
41173.219	    57.7478
41174.273	    56.8720
41175.352	    55.6586
41176.453	    54.4465
41177.547	    54.8446
41178.648	    54.4465
41179.750	    54.4465
41180.852	    54.4465
41181.969	    53.7153
41183.086	    53.7153
41184.305	    49.2207
41185.500	    50.2092
41186.672	    51.1945
41187.812	    52.5854
41188.953	    52.5854
41190.062	    54.1028
41191.141	    55.6586
41192.203	    56.4972
41193.250	    57.3066
41194.305	    56.8720
41195.359	    56.8720
41196.469	    54.1028
41197.539	    56.0748
41198.672	    52.9568
41199.797	    53.3333
41200.898	    54.4465
41201.969	    56.0748
41203.039	    56.0748
41204.109	    56.0748
41205.180	    56.0748
41206.242	    56.4972
41207.352	    54.1028
41208.484	    52.9568
41209.578	    54.8446
41210.664	    55.2486
41211.766	    54.4465
41212.867	    54.4465
41213.898	    58.1959
41214.977	    55.6586
41216.070	    54.8446
41217.242	    51.1945
41218.344	    54.4465
41219.492	    52.2648
41220.609	    53.7153
41221.734	    53.3333
41222.852	    53.7153
41224.000	    52.2648
41225.188	    50.5051
41226.352	    51.5464
41227.492	    52.5854
41228.609	    53.7153
41229.766	    51.9031
41230.844	    55.6586
41231.992	    52.2648
41233.086	    54.8446
41234.148	    56.4972
41235.141	    60.4839
41236.125	    60.9756
41237.102	    61.4125
41238.117	    59.0551
41239.141	    58.6510
41240.242	    54.4465
41241.312	    56.0748
41242.367	    56.8720
41243.445	    55.6586
41244.508	    56.4972
41245.531	    58.6510
41246.594	    56.4972
41247.688	    54.8446
41248.734	    57.3066
41249.758	    58.6510
41250.867	    54.1028
41251.984	    53.7153
41253.070	    55.2486
41254.133	    56.4972
41255.234	    54.4465
41256.289	    56.8720
41257.320	    58.1959
41258.398	    55.6586
41259.477	    55.6586
41260.562	    55.2486
41261.633	    56.0748
41262.789	    51.9031
41263.883	    54.8446
41265.023	    52.5854
41266.164	    52.5854
41267.281	    53.7153
41268.328	    57.3066
41269.438	    54.1028
41270.578	    52.5854
41271.680	    54.4465
41272.719	    57.7478
41273.805	    55.2486
41274.875	    56.0748
41275.953	    55.6586
41277.055	    54.4465
41278.234	    50.8475
41279.312	    55.6586
41280.430	    53.7153
41281.516	    55.2486
41282.602	    55.2486
41283.703	    54.4465
41284.820	    53.7153
41285.938	    53.7153
41287.023	    55.2486
41288.125	    54.4465
41289.227	    54.4465
41290.289	    56.4972
41291.352	    56.4972
41292.453	    54.4465
41293.625	    51.1945
41294.766	    52.5854
41295.875	    54.1028
41296.969	    54.8446
41297.906	    63.9659
41298.789	    67.9502
41299.641	    70.4225
41300.469	    72.4638
41301.297	    72.4638
41302.148	    70.4225
41303.023	    68.5714
41303.914	    67.3401
41304.781	    69.2042
41305.703	    65.0759
41306.656	    62.9591
41307.555	    66.8151
41308.445	    67.3401
41309.359	    65.6455
41310.305	    63.4921
41311.289	    60.9756
41312.266	    61.4125
41313.258	    60.4839
41314.305	    57.3066
41315.383	    55.6586
41316.445	    56.4972
41317.547	    54.4465
41318.742	    50.2092
41320.023	    46.8384
41321.297	    47.1328
41322.586	    46.5477
41323.836	    48.0000
41325.109	    47.1328
41326.391	    46.8384
41327.656	    47.3934
41328.844	    50.5051
41330.023	    50.8475
41331.219	    50.2092
41332.391	    51.1945
41333.547	    51.9031
41334.766	    49.2207
41336.008	    48.3092
41337.211	    49.8753
41338.445	    48.6224
41339.688	    48.3092
41340.883	    50.2092
41342.062	    50.8475
41343.273	    49.5458
41344.445	    51.1945
41345.602	    51.9031
41346.781	    50.8475
41347.891	    54.1028
41348.984	    54.8446
41350.070	    55.2486
41351.148	    55.6586
41352.219	    56.0748
41353.367	    52.2648
41354.547	    50.8475
41355.648	    54.4465
41356.805	    51.9031
41358.000	    50.2092
41359.125	    53.3333
41360.250	    53.3333
41361.383	    52.9568
41362.547	    51.5464
41363.641	    54.8446
41364.703	    56.4972
41365.812	    54.1028
41366.891	    55.6586
41368.008	    53.7153
41369.109	    54.4465
41370.172	    56.4972
41371.297	    53.3333
41372.430	    52.9568
41373.570	    52.5854
41374.688	    53.7153
41375.828	    52.5854
41376.992	    51.5464
41378.117	    53.3333
41379.258	    52.5854
41380.375	    53.7153
41381.492	    53.7153
41382.586	    54.8446
41383.711	    53.3333
41384.734	    58.6510
41385.727	    60.4839
41386.719	    60.4839
41387.727	    59.5238
41388.742	    59.0551
41389.820	    55.6586
41390.914	    54.8446
41392.000	    55.2486
41393.039	    57.7478
41394.109	    56.0748
41395.195	    55.2486
41396.234	    57.7478
41397.297	    56.4972
41398.383	    55.2486
41399.406	    58.6510
41400.484	    55.6586
41401.609	    53.3333
41402.805	    50.2092
41403.953	    52.2648
41405.109	    51.9031
41406.258	    52.2648
41407.430	    51.1945
41408.539	    54.1028
41409.688	    52.2648
41410.836	    52.2648
41411.984	    52.2648
41413.055	    56.0748
41414.195	    52.5854
41415.297	    54.4465
41416.398	    54.4465
41417.531	    52.9568
41418.688	    51.9031
41419.820	    52.9568
41420.906	    55.2486
41422.086	    50.8475
41423.273	    50.5051
41424.375	    54.4465
41425.469	    54.8446
41426.547	    55.6586
41427.594	    57.3066
41428.609	    59.0551
41429.617	    59.5238
41430.680	    56.4972
41431.711	    58.1959
41432.766	    56.8720
41433.836	    56.0748
41434.875	    57.7478
41435.906	    58.1959
41436.984	    55.6586
41438.109	    53.3333
41439.203	    54.8446
41440.297	    54.8446
41441.414	    53.7153
41442.508	    54.8446
41443.586	    55.6586
41444.680	    54.8446
41445.844	    51.5464
41446.938	    54.8446
41448.016	    55.6586
41449.141	    53.3333
41450.219	    55.6586
41451.242	    58.6510
41452.289	    57.3066
41453.305	    59.0551
41454.367	    56.4972
41455.422	    56.8720
41456.523	    54.4465
41457.625	    54.4465
41458.680	    56.8720
41459.797	    53.7153
41460.883	    55.2486
41461.930	    57.3066
41462.930	    60.0000
41463.977	    57.3066
41464.992	    59.0551
41465.992	    60.0000
41467.008	    59.0551
41468.055	    57.3066
41469.133	    55.6586
41470.156	    58.6510
41471.203	    57.3066
41472.266	    56.4972
41473.305	    57.7478
41474.398	    54.8446
41475.508	    54.1028
41476.633	    53.3333
41477.680	    57.3066
41478.719	    57.7478
41479.750	    58.1959
41480.789	    57.7478
41481.805	    59.0551
41482.930	    53.3333
41484.031	    54.4465
41485.133	    54.4465
41486.234	    54.4465
41487.352	    53.7153
41488.484	    52.9568
41489.570	    55.2486
41490.688	    53.7153
41491.875	    50.5051
41493.023	    52.2648
41494.180	    51.9031
41495.336	    51.9031
41496.445	    54.1028
41497.516	    56.0748
41498.578	    56.4972
41499.688	    54.1028
41500.758	    56.0748
41501.883	    53.3333
41503.008	    53.3333
41504.117	    54.1028
41505.172	    56.8720
41506.273	    54.4465
41507.414	    52.5854
41508.516	    54.4465
41509.617	    54.4465
41510.742	    53.3333
41511.836	    54.8446
41512.906	    56.0748
41514.000	    54.8446
41515.102	    54.4465
41516.188	    55.2486
41517.258	    56.0748
41518.391	    52.9568
41519.508	    53.7153
41520.617	    54.1028
41521.664	    57.3066
41522.773	    54.1028
41523.914	    52.5854
41525.008	    54.8446
41526.117	    54.1028
41527.273	    51.9031
41528.453	    50.8475
41529.539	    55.2486
41530.641	    54.4465
41531.719	    55.6586
41532.797	    55.6586
41533.742	    63.4921
41534.648	    66.2252
41535.547	    66.8151
41536.430	    67.9502
41537.328	    66.8151
41538.266	    63.9659
41539.297	    58.1959
41540.359	    56.4972
41541.461	    54.4465
41542.531	    56.0748
41543.562	    58.1959
41544.547	    60.9756
41545.609	    56.4972
41546.672	    56.4972
41547.703	    58.1959
41548.750	    57.3066
41549.867	    53.7153
41550.945	    55.6586
41552.055	    54.1028
41553.180	    53.3333
41554.305	    53.3333
41555.414	    54.1028
41556.602	    50.5051
41557.812	    49.5458
41558.945	    52.9568
41560.000	    56.8720
41560.984	    60.9756
41561.984	    60.0000
41563.086	    54.4465
41564.336	    48.0000
41565.547	    49.5458
41566.625	    55.6586
41567.758	    52.9568
41568.930	    51.1945
41570.055	    53.3333
41571.125	    56.0748
41572.219	    54.8446
41573.352	    52.9568
41574.492	    52.5854
41575.664	    51.1945
41576.828	    51.5464
41577.969	    52.5854
41579.133	    51.5464
41580.289	    51.9031
41581.391	    54.4465
41582.469	    55.6586
41583.578	    54.1028
41584.688	    54.1028
41585.742	    56.8720
41586.797	    56.8720
41587.844	    57.3066
41588.867	    58.6510
41589.875	    59.5238
41590.922	    57.3066
41591.914	    60.4839
41592.844	    64.5161
41593.711	    69.2042
41594.562	    70.4225
41595.414	    70.4225
41596.320	    66.2252
41597.203	    67.9502
41598.062	    69.8487
41598.906	    71.0900
41599.727	    73.1707
41600.539	    73.8916
41601.328	    76.0456
41602.086	    79.1557
41602.852	    78.3290
41603.609	    79.1557
41604.352	    80.8625
41605.102	    80.0000
41605.844	    80.8625
41606.586	    80.8625
41607.328	    80.8625
41608.062	    81.7439
41608.789	    82.5310
41609.516	    82.5310
41610.234	    83.4492
41610.945	    84.3882
41611.672	    82.5310
41612.383	    84.3882
41613.102	    83.4492
41613.820	    83.4492
41614.539	    83.4492
41615.258	    83.4492
41615.984	    82.5310
41616.703	    83.4492
41617.422	    83.4492
41618.133	    84.3882
41618.852	    83.4492
41619.578	    82.5310
41620.297	    83.4492
41621.031	    81.7439
41621.781	    80.0000
41622.523	    80.8625
41623.273	    80.0000
41624.016	    80.8625
41624.773	    79.1557
41625.539	    78.3290
41626.320	    76.8246
41627.086	    78.3290
41627.859	    77.6197
41628.664	    74.5342
41629.516	    70.4225
41630.398	    67.9502
41631.266	    69.2042
41632.109	    71.0900
41632.922	    73.8916
41633.719	    75.2823
41634.500	    76.8246
41635.273	    77.6197
41636.062	    76.0456
41636.867	    74.5342
41637.695	    72.4638
41638.516	    73.1707
41639.359	    71.0900
41640.273	    65.6455
41641.258	    60.9756
41642.250	    60.4839
41643.320	    56.0748
41644.406	    55.2486
41645.430	    58.6510
41646.430	    60.0000
41647.453	    58.6510
41648.531	    55.6586
41649.562	    58.1959
41650.641	    55.6586
41651.711	    56.0748
41652.781	    56.0748
41653.820	    57.7478
41654.883	    56.4972
41655.969	    55.2486
41656.977	    59.5238
41658.047	    56.0748
41659.102	    56.8720
41660.141	    57.7478
41661.125	    60.9756
41662.148	    58.6510
41663.156	    59.5238
41664.188	    58.1959
41665.211	    58.6510
41666.250	    57.7478
41667.281	    58.1959
41668.305	    58.6510
41669.359	    56.8720
41670.375	    59.0551
41671.383	    59.5238
41672.406	    58.6510
41673.438	    58.1959
41674.461	    58.6510
41675.461	    60.0000
41676.492	    58.1959
41677.539	    57.3066
41678.578	    57.7478
41679.609	    58.1959
41680.664	    56.8720
41681.781	    53.7153
41682.797	    59.0551
41683.867	    56.0748
41684.922	    56.8720
41685.977	    56.8720
41687.023	    57.3066
41688.133	    54.1028
41689.203	    56.0748
41690.211	    59.5238
41691.336	    53.3333
41692.438	    54.4465
41693.461	    58.6510
41694.555	    54.8446
41695.633	    55.6586
41696.656	    58.6510
41697.766	    54.1028
41698.898	    52.9568
41699.961	    56.4972
41701.047	    55.2486
41702.117	    56.0748
41703.156	    57.7478
41704.164	    59.5238
41705.258	    54.8446
41706.359	    54.4465
41707.398	    57.7478
41708.562	    51.5464
41709.695	    52.9568
41710.758	    56.4972
41711.875	    53.7153
41712.969	    54.8446
41714.031	    56.4972
41715.125	    54.8446
41716.195	    56.0748
41717.250	    56.8720
41718.336	    55.2486
41719.438	    54.4465
41720.500	    56.4972
41721.672	    51.1945
41722.773	    54.4465
41723.828	    56.8720
41724.938	    54.1028
41726.055	    53.7153
41727.133	    55.6586
41728.266	    52.9568
41729.453	    50.5051
41730.539	    55.2486
41731.656	    53.7153
41732.781	    53.3333
41733.898	    53.7153
41735.023	    53.3333
41736.164	    52.5854
41737.305	    52.5854
41738.492	    50.5051
41739.672	    50.8475
41740.797	    53.3333
41741.945	    52.2648
41743.109	    51.5464
41744.211	    54.4465
41745.352	    52.5854
41746.500	    52.2648
41747.602	    54.4465
41748.711	    54.1028
41749.820	    54.1028
41750.914	    54.8446
41752.031	    53.7153
41753.195	    51.5464
41754.273	    55.6586
41755.391	    53.7153
41756.531	    52.5854
41757.609	    55.6586
41758.750	    52.5854
41759.906	    51.9031
41761.023	    53.7153
41762.188	    51.5464
41763.375	    50.5051
41764.492	    53.7153
41765.664	    51.1945
41766.844	    50.8475
41767.961	    53.7153
41769.133	    51.1945
41770.305	    51.1945
41771.445	    52.5854
41772.633	    50.5051
41773.797	    51.5464
41774.938	    52.5854
41776.109	    51.1945
41777.242	    52.9568
41778.375	    52.9568
41779.508	    52.9568
41780.633	    53.3333
41781.758	    53.3333
41782.883	    53.3333
41784.000	    53.7153
41785.078	    55.6586
41786.203	    53.3333
41787.352	    52.2648
41788.438	    55.2486
41789.562	    53.3333
41790.672	    54.1028
41791.758	    55.2486
41792.914	    51.9031
41794.055	    52.5854
41795.211	    51.9031
41796.383	    51.1945
41797.523	    52.5854
41798.625	    54.4465
41799.703	    55.6586
41800.805	    54.4465
41801.852	    57.3066
41802.953	    54.4465
41804.102	    52.2648
41805.180	    55.6586
41806.312	    52.9568
41807.461	    52.2648
41808.594	    52.9568
41809.750	    51.9031
41810.945	    50.2092
41812.070	    53.3333
41813.227	    51.9031
41814.344	    53.7153
41815.438	    54.8446
41816.539	    54.4465
41817.664	    53.3333
41818.758	    54.8446
41819.891	    52.9568
41821.055	    51.5464
41822.188	    52.9568
41823.336	    52.2648
41824.508	    51.1945
41825.594	    55.2486
41826.727	    52.9568
41827.883	    51.9031
41829.008	    53.3333
41830.219	    49.5458
41831.359	    52.5854
41832.516	    51.9031
41833.719	    49.8753
41834.867	    52.2648
41835.984	    53.7153
41837.141	    51.9031
41838.328	    50.5051
41839.461	    52.9568
41840.695	    48.6224
41841.891	    50.2092
41843.016	    53.3333
41844.203	    50.5051
41845.367	    51.5464
41846.555	    50.5051
41847.805	    48.0000
41848.953	    52.2648
41850.070	    53.7153
41851.258	    50.5051
41852.430	    51.1945
41853.672	    48.3092
41854.914	    48.3092
41856.133	    49.2207
41857.375	    48.3092
41858.539	    51.5464
41859.633	    54.8446
41860.758	    53.3333
41861.930	    51.1945
41863.062	    52.9568
41864.219	    51.9031
41865.391	    51.1945
41866.516	    53.3333
41867.695	    50.8475
41868.859	    51.5464
41869.969	    54.1028
41871.195	    48.8998
41872.359	    51.5464
41873.500	    52.5854
41874.688	    50.5051
41875.883	    50.2092
41877.055	    51.1945
41878.164	    54.1028
41879.320	    51.9031
41880.508	    50.5051
41881.625	    53.7153
41882.758	    52.9568
41883.914	    51.9031
41885.070	    51.9031
41886.234	    51.5464
41887.414	    50.8475
41888.586	    51.1945
41889.750	    51.5464
41890.953	    49.8753
41892.109	    51.9031
41893.266	    51.9031
41894.422	    51.9031
41895.578	    51.9031
41896.734	    51.9031
41897.906	    51.1945
41899.070	    51.5464
41900.195	    53.3333
41901.336	    52.5854
41902.492	    51.9031
41903.602	    54.1028
41904.750	    52.2648
41905.898	    52.2648
41907.031	    52.9568
41908.227	    50.2092
41909.383	    51.9031
41910.484	    54.4465
41911.578	    54.8446
41912.727	    52.2648
41913.859	    52.9568
41914.977	    53.7153
41916.148	    51.1945
41917.297	    52.2648
41918.469	    51.1945
41919.672	    49.8753
41920.844	    51.1945
41921.969	    53.3333
41923.117	    52.2648
41924.234	    53.7153
41925.359	    53.3333
41926.531	    51.1945
41927.672	    52.5854
41928.789	    53.7153
41929.953	    51.5464
41931.102	    52.2648
41932.266	    51.5464
41933.422	    51.9031
41934.570	    52.2648
41935.688	    53.7153
41936.844	    51.9031
41938.008	    51.5464
41939.102	    54.8446
41940.281	    50.8475
41941.477	    50.2092
41942.648	    51.1945
41943.812	    51.5464
41945.047	    48.6224
41946.250	    49.8753
41947.453	    49.8753
41948.570	    53.7153
41949.750	    50.8475
41950.953	    49.8753
41952.117	    51.5464
41953.328	    49.5458
41954.508	    50.8475
41955.633	    53.3333
41956.812	    50.8475
41958.047	    48.6224
41959.188	    52.5854
41960.297	    54.1028
41961.461	    51.5464
41962.609	    52.2648
41963.773	    51.5464
41965.008	    48.6224
41966.148	    52.5854
41967.234	    55.2486
41968.344	    54.1028
41969.508	    51.5464
41970.648	    52.5854
41971.812	    51.5464
41972.953	    52.5854
41974.070	    53.7153
41975.211	    52.5854
41976.445	    48.6224
41977.523	    55.6586
41978.664	    52.5854
41979.859	    50.2092
41980.977	    53.7153
41982.203	    48.8998
41983.383	    50.8475
41984.500	    53.7153
41985.688	    50.5051
41986.883	    50.2092
41988.047	    51.5464
41989.172	    53.3333
41990.391	    49.2207
41991.531	    52.5854
41992.609	    55.6586
41993.703	    54.8446
41994.852	    52.2648
41995.906	    56.8720
41996.977	    56.0748
41998.117	    52.5854
41999.227	    54.1028
42000.320	    54.8446
42001.531	    49.5458
42002.617	    55.2486
42003.680	    56.4972
42004.781	    54.4465
42005.922	    52.5854
42007.016	    54.8446
42008.094	    55.6586
42009.211	    53.7153
42010.352	    52.5854
42011.422	    56.0748
42012.641	    49.2207
42013.773	    52.9568
42014.898	    53.3333
42016.023	    53.3333
42017.312	    46.5477
42018.445	    52.9568
42019.562	    53.7153
42020.703	    52.5854
42021.859	    51.9031
42022.977	    53.7153
42024.133	    51.9031
42025.344	    49.5458
42026.586	    48.3092
42027.781	    50.2092
42028.961	    50.8475
42030.141	    50.8475
42031.188	    57.3066
42032.227	    57.7478
42033.312	    55.2486
42034.359	    57.3066
42035.438	    55.6586
42036.578	    52.5854
42037.695	    53.7153
42038.773	    55.6586
42039.969	    50.2092
42041.141	    51.1945
42042.273	    52.9568
42043.367	    54.8446
42044.484	    53.7153
42045.602	    53.7153
42046.672	    56.0748
42047.789	    53.7153
42048.945	    51.9031
42050.039	    54.8446
42051.141	    54.4465
42052.234	    54.8446
42053.352	    53.7153
42054.414	    56.4972
42055.539	    53.3333
42056.711	    51.1945
42057.852	    52.5854
42058.992	    52.5854
42060.031	    57.7478
42061.016	    60.9756
42061.938	    65.0759
42062.812	    68.5714
42063.719	    66.2252
42064.695	    61.4125
42065.859	    51.5464
42067.070	    49.5458
42068.203	    52.9568
42069.320	    53.7153
42070.484	    51.5464
42071.664	    50.8475
42072.805	    52.5854
42073.953	    52.2648
42075.180	    48.8998
42076.328	    52.2648
42077.586	    47.6948
42078.859	    47.1328
42080.055	    50.2092
42081.320	    47.3934
42082.508	    50.5051
42083.797	    46.5477
42085.047	    48.0000
42086.266	    49.2207
42087.484	    49.2207
42088.719	    48.6224
42089.875	    51.9031
42091.031	    51.9031
42092.273	    48.3092
42093.508	    48.6224
42094.656	    52.2648
42095.891	    48.6224
42097.180	    46.5477
42098.398	    49.2207
42099.609	    49.5458
42100.820	    49.5458
42102.016	    50.2092
42103.234	    49.2207
42104.430	    50.2092
42105.594	    51.5464
42106.781	    50.5051
42107.961	    50.8475
42109.133	    51.1945
42110.320	    50.5051
42111.500	    50.8475
42112.656	    51.9031
42113.797	    52.5854
42114.945	    52.2648
42116.062	    53.7153
42117.250	    50.5051
42118.367	    53.7153
42119.492	    53.3333
42120.609	    53.7153
42121.797	    50.5051
42122.938	    52.5854
42124.094	    51.9031
42125.273	    50.8475
42126.445	    51.1945
42127.562	    53.7153
42128.734	    51.1945
42129.906	    51.1945
42130.961	    56.8720
42131.930	    61.9195
42132.883	    62.9591
42133.805	    65.0759
42134.789	    60.9756
42135.859	    56.0748
42137.008	    52.2648
42138.188	    50.8475
42139.461	    47.1328
42140.719	    47.6948
42141.906	    50.5051
42143.102	    50.2092
42144.336	    48.6224
42145.523	    50.5051
42146.695	    51.1945
42147.930	    48.6224
42149.148	    49.2207
42150.422	    47.1328
42151.695	    47.1328
42152.898	    49.8753
42154.125	    48.8998
42155.297	    51.1945
42156.422	    53.3333
42157.430	    59.5238
42158.422	    60.4839
42159.453	    58.1959
42160.484	    58.1959
42161.695	    49.5458
42162.922	    48.8998
42164.133	    49.5458
42165.414	    46.8384
42166.648	    48.6224
42167.805	    51.9031
42169.016	    49.5458
42170.250	    48.6224
42171.398	    52.2648
42172.609	    49.5458
42173.773	    51.5464
42174.922	    52.2648
42176.156	    48.6224
42177.297	    52.5854
42178.469	    51.1945
42179.586	    53.7153
42180.812	    48.8998
42181.961	    52.2648
42183.094	    52.9568
42184.250	    51.9031
42185.422	    51.1945
42186.500	    55.6586
42187.594	    54.8446
42188.727	    52.9568
42189.797	    56.0748
42190.930	    52.9568
42192.086	    51.9031
42193.211	    53.3333
42194.359	    52.2648
42195.531	    51.1945
42196.711	    50.8475
42197.836	    53.3333
42198.969	    52.9568
42200.102	    52.9568
42201.195	    54.8446
42202.281	    55.2486
42203.383	    54.4465
42204.484	    54.4465
42205.609	    53.3333
42206.727	    53.7153
42207.875	    52.2648
42209.023	    52.2648
42210.133	    54.1028
42211.266	    52.9568
42212.398	    52.9568
42213.477	    55.6586
42214.609	    52.9568
42215.789	    50.8475
42216.977	    50.5051
42218.117	    52.5854
42219.328	    49.5458
42220.539	    49.5458
42221.680	    52.5854
42222.828	    52.2648
42224.008	    50.8475
42225.180	    51.1945
42226.320	    52.5854
42227.523	    49.8753
42228.664	    52.5854
42229.766	    54.4465
42230.883	    53.7153
42232.039	    51.9031
42233.164	    53.3333
42234.320	    51.9031
42235.508	    50.5051
42236.625	    53.7153
42237.719	    54.8446
42238.844	    53.3333
42239.953	    54.1028
42241.023	    56.0748
42242.117	    54.8446
42243.227	    54.1028
42244.359	    52.9568
42245.461	    54.4465
42246.641	    50.8475
42247.812	    51.1945
42248.914	    54.4465
42250.000	    55.2486
42251.164	    51.5464
42252.273	    54.1028
42253.328	    56.8720
42254.414	    55.2486
42255.500	    55.2486
42256.523	    58.6510
42257.492	    61.9195
42258.422	    64.5161
42259.312	    67.3401
42260.188	    68.5714
42261.102	    65.6455
42262.078	    61.4125
42263.164	    55.2486
42264.312	    52.2648
42265.398	    55.2486
42266.484	    55.2486
42267.594	    54.1028
42268.734	    52.5854
42269.828	    54.8446
42270.938	    54.1028
42272.000	    56.4972
42273.047	    57.3066
42274.102	    56.8720
42275.297	    50.2092
42276.500	    49.8753
42277.586	    55.2486
42278.750	    51.5464
42280.000	    48.0000
42281.141	    52.5854
42282.375	    48.6224
42283.570	    50.2092
42284.688	    53.7153
42285.789	    54.4465
42286.938	    52.2648
42288.062	    53.3333
42289.258	    50.2092
42290.508	    48.0000
42291.703	    50.2092
42292.906	    49.8753
42294.133	    48.8998
42295.297	    51.5464
42296.445	    52.2648
42297.602	    51.9031
42298.789	    50.5051
42299.961	    51.1945
42301.180	    49.2207
42302.398	    49.2207
42303.586	    50.5051
42304.773	    50.5051
42305.961	    50.5051
42307.109	    52.2648
42308.281	    51.1945
42309.461	    50.8475
42310.617	    51.9031
42311.727	    54.1028
42312.859	    52.9568
42314.023	    51.5464
42315.211	    50.5051
42316.406	    50.2092
42317.633	    48.8998
42318.852	    49.2207
42320.023	    51.1945
42321.242	    49.2207
42322.438	    50.2092
42323.547	    54.1028
42324.656	    54.1028
42325.758	    54.4465
42326.812	    56.8720
42327.891	    55.6586
42329.016	    53.3333
42330.172	    51.9031
42331.258	    55.2486
42332.375	    53.7153
42333.539	    51.5464
42334.672	    52.9568
42335.852	    50.8475
42337.039	    50.5051
42338.188	    52.2648
42339.320	    52.9568
42340.484	    51.5464
42341.625	    52.5854
42342.727	    54.4465
42343.867	    52.5854
42345.008	    52.5854
42346.141	    52.9568
42347.250	    54.1028
42348.383	    52.9568
42349.508	    53.3333
42350.609	    54.4465
42351.734	    53.3333
42352.898	    51.5464
42354.070	    51.1945
42355.195	    53.3333
42356.336	    52.5854
42357.477	    52.5854
42358.578	    54.4465
42359.672	    54.8446
42360.742	    56.0748
42361.828	    55.2486
42362.922	    54.8446
42364.039	    53.7153
42365.172	    52.9568
42366.281	    54.1028
42367.391	    54.1028
42368.516	    53.3333
42369.625	    54.1028
42370.734	    54.1028
42371.891	    51.9031
42373.094	    49.8753
42374.234	    52.5854
42375.383	    52.2648
42376.516	    52.9568
42377.633	    53.7153
42378.758	    53.3333
42379.867	    54.1028
42380.977	    54.1028
42382.008	    58.1959
42383.070	    56.4972
42384.117	    57.3066
42385.133	    59.0551
42386.211	    55.6586
42387.367	    51.9031
42388.500	    52.9568
42389.688	    50.5051
42390.906	    49.2207
42392.070	    51.5464
42393.266	    50.2092
42394.469	    49.8753
42395.625	    51.9031
42396.789	    51.5464
42397.977	    50.5051
42399.133	    51.9031
42400.359	    48.8998
42401.555	    50.2092
42402.727	    51.1945
42403.867	    52.5854
42405.062	    50.2092
42406.250	    50.5051
42407.445	    50.2092
42408.656	    49.5458
42409.766	    54.1028
42410.953	    50.5051
42412.117	    51.5464
42413.242	    53.3333
42414.336	    54.8446
42415.430	    54.8446
42416.539	    54.1028
42417.703	    51.5464
42418.867	    51.5464
42419.984	    53.7153
42421.125	    52.5854
42422.234	    54.1028
42423.359	    53.3333
42424.438	    55.6586
42425.594	    51.9031
42426.805	    49.5458
42428.023	    49.2207
42429.219	    50.2092
42430.375	    51.9031
42431.469	    54.8446
42432.578	    54.1028
42433.703	    53.3333
42434.844	    52.5854
42436.094	    48.0000
42437.320	    48.8998
42438.508	    50.5051
42439.734	    48.8998
42440.938	    49.8753
42442.125	    50.5051
42443.266	    52.5854
42444.531	    47.3934
42445.781	    48.0000
42446.945	    51.5464
42448.141	    50.2092
42449.320	    50.8475
42450.477	    51.9031
42451.633	    51.9031
42452.875	    48.3092
42454.070	    50.2092
42455.250	    50.8475
42456.461	    49.5458
42457.656	    50.2092
42458.820	    51.5464
42460.023	    49.8753
42461.234	    49.5458
42462.406	    51.1945
42463.602	    50.2092
42464.781	    50.8475
42465.953	    51.1945
42467.109	    51.9031
42468.234	    53.3333
42469.391	    51.9031
42470.461	    56.0748
42471.570	    54.1028
42472.719	    52.2648
42473.844	    53.3333
42475.031	    50.5051
42476.195	    51.5464
42477.336	    52.5854
42478.430	    54.8446
42479.430	    60.0000
42480.406	    61.4125
42481.430	    58.6510
42482.531	    54.4465
42483.688	    51.9031
42484.844	    51.9031
42486.023	    50.8475
42487.195	    51.1945
42488.336	    52.5854
42489.500	    51.5464
42490.602	    54.4465
42491.711	    54.1028
42492.852	    52.5854
42494.023	    51.1945
42495.211	    50.5051
42496.383	    51.1945
42497.555	    51.1945
42498.648	    54.8446
42499.695	    57.3066
42500.750	    56.8720
42501.836	    55.2486
42502.945	    54.1028
42504.109	    51.5464
42505.258	    52.2648
42506.445	    50.5051
42507.648	    49.8753
42508.836	    50.5051
42509.992	    51.9031
42511.164	    51.1945
42512.352	    50.5051
42513.539	    50.5051
42514.734	    50.2092
42515.906	    51.1945
42517.023	    53.7153
42518.172	    52.2648
42519.312	    52.5854
42520.469	    51.9031
42521.570	    54.4465
42522.734	    51.5464
42523.914	    50.8475
42525.125	    49.5458
42526.359	    48.6224
42527.555	    50.2092
42528.727	    51.1945
42529.812	    55.2486
42530.906	    54.8446
42532.047	    52.5854
42533.164	    53.7153
42534.234	    56.0748
42535.336	    54.4465
42536.438	    54.4465
42537.547	    54.1028
42538.719	    51.1945
42539.820	    54.4465
42540.906	    55.2486
42542.016	    54.1028
42543.156	    52.5854
42544.305	    52.2648
42545.461	    51.9031
42546.633	    51.1945
42547.742	    54.1028
42548.867	    53.3333
42550.016	    52.2648
42551.172	    51.9031
42552.258	    55.2486
42553.383	    53.3333
42554.539	    51.9031
42555.688	    52.2648
42556.812	    53.3333
42557.961	    52.2648
42559.117	    51.9031
42560.234	    53.7153
42561.312	    55.6586
42562.375	    56.4972
42563.445	    56.0748
42564.492	    57.3066
42565.562	    56.0748
42566.672	    54.1028
42567.766	    54.8446
42568.875	    54.1028
42569.961	    55.2486
42571.125	    51.5464
42572.266	    52.5854
42573.492	    48.8998
42574.695	    49.8753
42575.820	    53.3333
42576.945	    53.3333
42578.102	    51.9031
42579.234	    52.9568
42580.336	    54.4465
42581.469	    52.9568
42582.633	    51.5464
42583.805	    51.1945
42584.938	    52.9568
42586.078	    52.5854
42587.250	    51.1945
42588.336	    55.2486
42589.375	    57.7478
42590.445	    56.0748
42591.469	    58.6510
42592.539	    56.0748
42593.664	    53.3333
42594.797	    52.9568
42596.000	    49.8753
42597.211	    49.5458
42598.344	    52.9568
42599.422	    55.6586
42600.531	    54.1028
42601.641	    54.1028
42602.750	    54.1028
42603.859	    54.1028
42604.961	    54.4465
42606.109	    52.2648
42607.312	    49.8753
42608.523	    49.5458
42609.742	    49.2207
42610.992	    48.0000
42612.234	    48.3092
42613.438	    49.8753
42614.648	    49.5458
42615.859	    49.5458
42617.031	    51.1945
42618.219	    50.5051
42619.414	    50.2092
42620.617	    49.8753
42621.781	    51.5464
42622.891	    54.1028
42624.008	    53.7153
42625.086	    55.6586
42626.156	    56.0748
42627.242	    55.2486
42628.359	    53.7153
42629.445	    55.2486
42630.562	    53.7153
42631.703	    52.5854
42632.891	    50.5051
42634.039	    52.2648
42635.219	    50.8475
42636.406	    50.5051
42637.531	    53.3333
42638.688	    51.9031
42639.852	    51.5464
42640.992	    52.5854
42642.133	    52.5854
42643.312	    50.8475
42644.516	    49.8753
42645.641	    53.3333
42646.812	    51.1945
42647.984	    51.1945
42649.117	    52.9568
42650.203	    55.2486
42651.312	    54.1028
42652.438	    53.3333
42653.547	    54.1028
42654.656	    54.1028
42655.773	    53.7153
42656.914	    52.5854
42658.047	    52.9568
42659.203	    51.9031
42660.367	    51.5464
42661.516	    52.2648
42662.609	    54.8446
42663.680	    56.0748
42664.781	    54.4465
42665.820	    57.7478
42666.945	    53.3333
42668.117	    51.1945
42669.266	    52.2648
42670.461	    50.2092
42671.664	    49.8753
42672.852	    50.5051
42674.039	    50.5051
42675.180	    52.5854
42676.320	    52.5854
42677.516	    50.2092
42678.703	    50.5051
42679.836	    52.9568
42681.008	    51.1945
42682.195	    50.5051
42683.336	    52.5854
42684.508	    51.1945
42685.688	    50.8475
42686.836	    52.2648
42687.961	    53.3333
42689.125	    51.5464
42690.273	    52.2648
42691.375	    54.4465
42692.547	    51.1945
42693.719	    51.1945
42694.922	    49.8753
42696.070	    52.2648
42697.250	    50.8475
42698.391	    52.5854
42699.578	    50.5051
42700.773	    50.2092
42701.922	    52.2648
42703.031	    54.1028
42704.125	    54.8446
42705.188	    56.4972
42706.281	    54.8446
42707.430	    52.2648
42708.594	    51.5464
42709.766	    51.1945
42710.984	    49.2207
42712.172	    50.5051
42713.312	    52.5854
42714.445	    52.9568
42715.641	    50.2092
42716.844	    49.8753
42718.000	    51.9031
42719.172	    51.1945
42720.367	    50.2092
42721.477	    54.1028
42722.633	    51.9031
42723.820	    50.5051
42724.992	    51.1945
42726.180	    50.5051
42727.430	    48.0000
42728.617	    50.5051
42729.820	    49.8753
42731.055	    48.6224
42732.227	    51.1945
42733.414	    50.5051
42734.602	    50.5051
42735.750	    52.2648
42736.914	    51.5464
42738.102	    50.5051
42739.273	    51.1945
42740.398	    53.3333
42741.547	    52.2648
42742.695	    52.2648
42743.789	    54.8446
42744.898	    54.1028
42746.039	    52.5854
42747.203	    51.5464
42748.297	    54.8446
42749.453	    51.9031
42750.570	    53.7153
42751.594	    58.6510
42752.594	    60.0000
42753.609	    59.0551
42754.648	    57.7478
42755.672	    58.6510
42756.711	    57.7478
42757.773	    56.4972
42758.875	    54.4465
42759.992	    53.7153
42761.102	    54.1028
42762.234	    52.9568
42763.430	    50.2092
42764.586	    51.9031
42765.758	    51.1945
42766.883	    53.3333
42767.977	    54.8446
42769.078	    54.4465
42770.195	    53.7153
42771.273	    55.6586
42772.352	    55.6586
42773.477	    53.3333
42774.633	    51.9031
42775.766	    52.9568
42776.938	    51.1945
42778.148	    49.5458
42779.281	    52.9568
42780.461	    50.8475
42781.633	    51.1945
42782.781	    52.2648
42783.906	    53.3333
42785.070	    51.5464
42786.219	    52.2648
42787.336	    53.7153
42788.477	    52.5854
42789.625	    52.2648
42790.734	    54.1028
42791.875	    52.5854
42793.031	    51.9031
42794.180	    52.2648
42795.352	    51.1945
42796.562	    49.5458
42797.688	    53.3333
42798.844	    51.9031
42800.000	    51.9031
42801.148	    52.2648
42802.258	    54.1028
42803.422	    51.5464
42804.578	    51.9031
42805.711	    52.9568
42806.836	    53.3333
42807.922	    55.2486
42808.984	    56.4972
42810.102	    53.7153
42811.328	    48.8998
42812.477	    52.2648
42813.719	    48.3092
42814.914	    50.2092
42816.078	    51.5464
42817.227	    52.2648
42818.383	    51.9031
42819.555	    51.1945
42820.656	    54.4465
42821.789	    52.9568
42822.930	    52.5854
42824.039	    54.1028
42825.180	    52.5854
42826.328	    52.2648
42827.453	    53.3333
42828.633	    50.8475
42829.812	    50.8475
42830.938	    53.3333
42832.055	    53.7153
42833.188	    52.9568
42834.320	    52.9568
42835.383	    56.4972
42836.516	    52.9568
42837.680	    51.5464
42838.836	    51.9031
42840.047	    49.5458
42841.195	    52.2648
42842.320	    53.3333
42843.469	    52.2648
42844.633	    51.5464
42845.766	    52.9568
42846.891	    53.3333
42848.062	    51.1945
42849.211	    52.2648
42850.383	    51.1945
42851.484	    54.4465
42852.656	    51.1945
42853.828	    51.1945
42854.938	    54.1028
42856.156	    49.2207
42857.320	    51.5464
42858.383	    56.4972
42859.438	    56.8720
42860.516	    55.6586
42861.555	    57.7478
42862.656	    54.4465
42863.820	    51.5464
42865.062	    48.3092
42866.297	    48.6224
42867.516	    49.2207
42868.672	    51.9031
42869.797	    53.3333
42870.922	    53.3333
42872.008	    55.2486
42873.109	    54.4465
42874.234	    53.3333
42875.281	    57.3066
42876.328	    57.3066
42877.414	    55.2486
42878.562	    52.2648
42879.695	    52.9568
42880.859	    51.5464
42882.031	    51.1945
42883.164	    52.9568
42884.312	    52.2648
42885.500	    50.5051
42886.625	    53.3333
42887.734	    54.1028
42888.883	    52.2648
42889.961	    55.6586
42891.062	    54.4465
42892.180	    53.7153
42893.375	    50.2092
42894.516	    52.5854
42895.688	    51.1945
42896.859	    51.1945
42898.000	    52.5854
42899.180	    50.8475
42900.375	    50.2092
42901.555	    50.8475
42902.711	    51.9031
42903.852	    52.5854
42905.000	    52.2648
42906.195	    50.2092
42907.406	    49.5458
42908.562	    51.9031
42909.688	    53.3333
42910.844	    51.9031
42911.984	    52.5854
42913.094	    54.1028
42914.250	    51.9031
42915.383	    52.9568
42916.516	    52.9568
42917.609	    54.8446
42918.750	    52.5854
42919.961	    49.5458
42921.141	    50.8475
42922.250	    54.1028
42923.383	    52.9568
42924.500	    53.7153
42925.648	    52.2648
42926.727	    55.6586
42927.867	    52.5854
42929.062	    50.2092
42930.195	    52.9568
42931.359	    51.5464
42932.523	    51.5464
42933.594	    56.0748
42934.703	    54.1028
42935.773	    56.0748
42936.812	    57.7478
42937.859	    57.3066
42938.914	    56.8720
42940.031	    53.7153
42941.195	    51.5464
42942.414	    49.2207
42943.586	    51.1945
42944.758	    51.1945
42945.930	    51.1945
42947.086	    51.9031
42948.234	    52.2648
42949.406	    51.1945
42950.555	    52.2648
42951.703	    52.2648
42952.898	    50.2092
42954.086	    50.5051
42955.234	    52.2648
42956.359	    53.3333
42957.492	    52.9568
42958.586	    54.8446
42959.703	    53.7153
42960.828	    53.3333
42961.945	    53.7153
42963.086	    52.5854
42964.273	    50.5051
42965.445	    51.1945
42966.617	    51.1945
42967.859	    48.3092
42969.062	    49.8753
42970.258	    50.2092
42971.414	    51.9031
42972.562	    52.2648
42973.633	    56.0748
42974.773	    52.5854
42975.891	    53.7153
42977.016	    53.3333
42978.156	    52.5854
42979.328	    51.1945
42980.469	    52.5854
42981.625	    51.9031
42982.766	    52.5854
42983.883	    53.7153
42985.000	    53.7153
42986.117	    53.7153
42987.227	    54.1028
42988.359	    52.9568
42989.477	    53.7153
42990.570	    54.8446
42991.703	    52.9568
42992.852	    52.2648
42993.969	    53.7153
42995.055	    55.2486
42996.164	    54.1028
42997.273	    54.1028
42998.359	    55.2486
42999.445	    55.2486
43000.562	    53.7153
43001.680	    53.7153
43002.695	    59.0551
43003.703	    59.5238
43004.742	    57.7478
43005.805	    56.4972
43006.938	    52.9568
43008.148	    49.5458
43009.328	    50.8475
43010.484	    51.9031
43011.672	    50.5051
43012.828	    51.9031
43013.945	    53.7153
43015.078	    52.9568
43016.234	    51.9031
43017.359	    53.3333
43018.469	    54.1028
43019.609	    52.5854
43020.766	    51.9031
43021.922	    51.9031
43023.039	    53.7153
43024.195	    51.9031
43025.359	    51.5464
43026.484	    53.3333
43027.617	    52.9568
43028.773	    51.9031
43029.914	    52.5854
43031.070	    51.9031
43032.250	    50.8475
43033.398	    52.2648
43034.508	    54.1028
43035.633	    53.3333
43036.742	    54.1028
43037.859	    53.7153
43039.016	    51.9031
43040.195	    50.8475
43041.336	    52.5854
43042.508	    51.1945
43043.695	    50.5051
43044.828	    52.9568
43045.969	    52.5854
43047.141	    51.1945
43048.320	    50.8475
43049.492	    51.1945
43050.703	    49.5458
43051.859	    51.9031
43052.945	    55.2486
43054.047	    54.4465
43055.141	    54.8446
43056.258	    53.7153
43057.359	    54.4465
43058.484	    53.3333
43059.609	    53.3333
43060.711	    54.4465
43061.852	    52.5854
43063.031	    50.8475
43064.164	    52.9568
43065.328	    51.5464
43066.477	    52.2648
43067.602	    53.3333
43068.672	    56.0748
43069.789	    53.7153
43070.977	    50.5051
43072.125	    52.2648
43073.352	    48.8998
43074.578	    48.8998
43075.750	    51.1945
43076.883	    52.9568
43078.070	    50.5051
43079.258	    50.5051
43080.367	    54.1028
43081.461	    54.8446
43082.500	    57.7478
43083.469	    61.9195
43084.438	    61.9195
43085.477	    57.7478
43086.641	    51.5464
43087.875	    48.6224
43089.102	    48.8998
43090.336	    48.6224
43091.492	    51.9031
43092.680	    50.5051
43093.852	    51.1945
43094.977	    53.3333
43096.141	    51.5464
43097.320	    50.8475
43098.469	    52.2648
43099.633	    51.5464
43100.805	    51.1945
43101.938	    52.9568
43103.094	    51.9031
43104.242	    52.2648
43105.375	    52.9568
43106.547	    51.1945
43107.758	    49.5458
43108.836	    55.6586
43109.891	    56.8720
43110.977	    55.2486
43112.070	    54.8446
43113.148	    55.6586
43114.227	    55.6586
43115.344	    53.7153
43116.391	    57.3066
43117.430	    57.7478
43118.531	    54.4465
43119.664	    52.9568
43120.797	    52.9568
43121.961	    51.5464
43123.094	    52.9568
43124.227	    52.9568
43125.352	    53.3333
43126.500	    52.2648
43127.602	    54.4465
43128.750	    52.2648
43129.930	    50.8475
43131.070	    52.5854
43132.234	    51.5464
43133.367	    52.9568
43134.477	    54.1028
43135.500	    58.6510
43136.539	    57.7478
43137.562	    58.6510
43138.562	    60.0000
43139.578	    59.0551
43140.617	    57.7478
43141.641	    58.6510
43142.688	    57.3066
43143.734	    57.3066
43144.828	    54.8446
43145.945	    53.7153
43147.094	    52.2648
43148.188	    54.8446
43149.297	    54.1028
43150.375	    55.6586
43151.438	    56.4972
43152.500	    56.4972
43153.586	    55.2486
43154.742	    51.9031
43155.836	    54.8446
43156.953	    53.7153
43158.047	    54.8446
43159.125	    55.6586
43160.281	    51.9031
43161.438	    51.9031
43162.609	    51.1945
43163.773	    51.5464
43164.938	    51.5464
43166.078	    52.5854
43167.188	    54.1028
43168.320	    52.9568
43169.461	    52.5854
43170.602	    52.5854
43171.742	    52.5854
43172.906	    51.5464
43174.086	    50.8475
43175.219	    52.9568
43176.375	    51.9031
43177.516	    52.5854
43178.648	    52.9568
43179.797	    52.2648
43180.961	    51.5464
43182.109	    52.2648
43183.133	    58.6510
43184.086	    62.9591
43185.039	    62.9591
43185.992	    62.9591
43187.062	    56.0748
43188.219	    51.9031
43189.422	    49.8753
43190.672	    48.0000
43191.898	    48.8998
43193.047	    52.2648
43194.258	    49.5458
43195.430	    51.1945
43196.555	    53.3333
43197.711	    51.9031
43198.867	    51.9031
43200.000	    52.9568
43201.180	    50.8475
43202.336	    51.9031
43203.555	    49.2207
43204.742	    50.5051
43205.977	    48.6224
43207.234	    47.6948
43208.484	    48.0000
43209.711	    48.8998
43210.922	    49.5458
43212.102	    50.8475
43213.219	    53.7153
43214.359	    52.5854
43215.531	    51.1945
43216.688	    51.9031
43217.922	    48.6224
43219.125	    49.8753
43220.289	    51.5464
43221.422	    52.9568
43222.531	    54.1028
43223.664	    52.9568
43224.781	    53.7153
43225.945	    51.5464
43227.148	    49.8753
43228.266	    53.7153
43229.406	    52.5854
43230.594	    50.5051
43231.734	    52.5854
43232.844	    54.1028
43234.023	    50.8475
43235.211	    50.5051
43236.383	    51.1945
43237.578	    50.2092
43238.805	    48.8998
43239.984	    50.8475
43241.203	    49.2207
43242.445	    48.3092
43243.648	    49.8753
43244.883	    48.6224
43246.070	    50.5051
43247.195	    53.3333
43248.328	    52.9568
43249.469	    52.5854
43250.562	    54.8446
43251.641	    55.6586
43252.781	    52.5854
43253.922	    52.5854
43255.023	    54.4465
43256.156	    52.9568
43257.328	    51.1945
43258.461	    52.9568
43259.594	    52.9568
43260.781	    50.5051
43261.945	    51.5464
43263.070	    53.3333
43264.172	    54.4465
43265.266	    54.8446
43266.352	    55.2486
43267.383	    58.1959
43268.438	    56.8720
43269.539	    54.4465
43270.656	    53.7153
43271.750	    54.8446
43272.883	    52.9568
43273.992	    54.1028
43275.039	    57.3066
43276.125	    55.2486
43277.211	    55.2486
43278.281	    56.0748
43279.344	    56.4972
43280.367	    58.6510
43281.406	    57.7478
43282.414	    59.5238
43283.484	    56.0748
43284.586	    54.4465
43285.688	    54.4465
43286.836	    52.2648
43288.023	    50.5051
43289.180	    51.9031
43290.289	    54.1028
43291.484	    50.2092
43292.656	    51.1945
43293.781	    53.3333
43294.953	    51.1945
43296.133	    50.8475
43297.289	    51.9031
43298.453	    51.5464
43299.609	    51.9031
43300.742	    52.9568
43301.820	    55.6586
43302.898	    55.6586
43303.977	    55.6586
43305.039	    56.4972
43306.055	    59.0551
43307.094	    57.7478
43308.211	    53.7153
43309.344	    52.9568
43310.500	    51.9031
43311.695	    50.2092
43312.883	    50.5051
43314.039	    51.9031
43315.234	    50.2092
43316.430	    50.2092
43317.594	    51.5464
43318.781	    50.5051
43319.953	    51.1945
43321.086	    52.9568
43322.195	    54.1028
43323.266	    56.0748
43324.281	    59.0551
43325.234	    62.9591
43326.188	    62.9591
43327.172	    60.9756
43328.195	    58.6510
43329.289	    54.8446
43330.422	    52.9568
43331.656	    48.6224
43332.891	    48.6224
43334.102	    49.5458
43335.328	    48.8998
43336.531	    49.8753
43337.734	    49.8753
43338.945	    49.5458
43340.156	    49.5458
43341.352	    50.2092
43342.500	    52.2648
43343.656	    51.9031
43344.797	    52.5854
43345.914	    53.7153
43347.055	    52.5854
43348.156	    54.4465
43349.281	    53.3333
43350.391	    54.1028
43351.562	    51.1945
43352.703	    52.5854
43353.820	    53.7153
43354.891	    56.0748
43355.977	    55.2486
43357.062	    55.2486
43358.148	    55.2486
43359.273	    53.3333
43360.406	    52.9568
43361.516	    54.1028
43362.570	    56.8720
43363.641	    56.0748
43364.711	    56.0748
43365.820	    54.1028
43366.953	    52.9568
43368.055	    54.4465
43369.180	    53.3333
43370.328	    52.2648
43371.477	    52.2648
43372.602	    53.3333
43373.766	    51.5464
43374.914	    52.2648
43376.000	    55.2486
43377.125	    53.3333
43378.281	    51.9031
43379.359	    55.6586
43380.398	    57.7478
43381.430	    58.1959
43382.461	    58.1959
43383.469	    59.5238
43384.562	    54.8446
43385.656	    54.8446
43386.742	    55.2486
43387.891	    52.2648
43388.992	    54.4465
43390.094	    54.4465
43391.211	    53.7153
43392.312	    54.4465
43393.445	    52.9568
43394.578	    52.9568
43395.703	    53.3333
43396.789	    55.2486
43397.922	    52.9568
43399.023	    54.4465
43400.078	    56.8720
43401.156	    55.6586
43402.250	    54.8446
43403.281	    58.1959
43404.336	    56.8720
43405.414	    55.6586
43406.461	    57.3066
43407.570	    54.1028
43408.672	    54.4465
43409.789	    53.7153
43410.898	    54.1028
43412.031	    52.9568
43413.180	    52.2648
43414.289	    54.1028
43415.398	    54.1028
43416.516	    53.7153
43417.602	    55.2486
43418.672	    56.0748
43419.781	    54.1028
43420.891	    54.1028
43422.000	    54.1028
43423.133	    52.9568
43424.273	    52.5854
43425.391	    53.7153
43426.516	    53.3333
43427.688	    51.1945
43428.867	    50.8475
43430.102	    48.6224
43431.328	    48.8998
43432.531	    49.8753
43433.727	    50.2092
43434.930	    49.8753
43436.102	    51.1945
43437.227	    53.3333
43438.367	    52.5854
43439.516	    52.2648
43440.648	    52.9568
43441.766	    53.7153
43442.883	    53.7153
43443.961	    55.6586
43445.047	    55.2486
43446.164	    53.7153
43447.297	    52.9568
43448.516	    49.2207
43449.695	    50.8475
43450.852	    51.9031
43451.984	    52.9568
43453.141	    51.9031
43454.289	    52.2648
43455.445	    51.9031
43456.602	    51.9031
43457.758	    51.9031
43458.875	    53.7153
43460.047	    51.1945
43461.234	    50.5051
43462.398	    51.5464
43463.531	    52.9568
43464.602	    56.0748
43465.680	    55.6586
43466.812	    52.9568
43467.797	    60.9756
43469.188	    43.1344
43470.273	    55.2486
43471.375	    54.4465
43472.445	    56.0748
43473.484	    57.7478
43474.562	    55.6586
43475.680	    53.7153
43476.805	    53.3333
43477.992	    50.5051
43479.180	    50.5051
43480.344	    51.5464
43481.500	    51.9031
43482.633	    52.9568
43483.820	    50.5051
43484.938	    53.7153
43486.117	    50.8475
43487.273	    51.9031
43488.391	    53.7153
43489.555	    51.5464
43490.719	    51.5464
43491.859	    52.5854
43493.031	    51.1945
43494.164	    52.9568
43495.234	    56.0748
43496.305	    56.0748
43497.375	    56.0748
43498.477	    54.4465
43499.570	    54.8446
43500.719	    52.2648
43501.883	    51.5464
43503.062	    50.8475
43504.227	    51.5464
43505.422	    50.2092
43506.625	    49.8753
43507.758	    52.9568
43508.930	    51.1945
43510.078	    52.2648
43511.195	    53.7153
43512.344	    52.2648
43513.547	    49.8753
43514.758	    49.5458
43515.945	    50.5051
43517.148	    49.8753
43518.336	    50.5051
43519.469	    52.9568
43520.641	    51.1945
43521.789	    52.2648
43522.922	    52.9568
43523.992	    56.0748
43525.078	    55.2486
43526.195	    53.7153
43527.281	    55.2486
43528.383	    54.4465
43529.547	    51.5464
43530.711	    51.5464
43531.859	    52.2648
43533.047	    50.5051
43534.227	    50.8475
43535.352	    53.3333
43536.469	    53.7153
43537.609	    52.5854
43538.719	    54.1028
43539.773	    56.8720
43540.875	    54.4465
43541.938	    56.4972
43542.969	    58.1959
43544.008	    57.7478
43545.070	    56.4972
43546.109	    57.7478
43547.219	    54.1028
43548.391	    51.1945
43549.508	    53.7153
43550.656	    52.2648
43551.758	    54.4465
43552.828	    56.0748
43553.914	    55.2486
43555.008	    54.8446
43556.086	    55.6586
43557.180	    54.8446
43558.305	    53.3333
43559.383	    55.6586
43560.469	    55.2486
43561.594	    53.3333
43562.641	    57.3066
43563.703	    56.4972
43564.773	    56.0748
43565.875	    54.4465
43566.938	    56.4972
43568.023	    55.2486
43569.133	    54.1028
43570.219	    55.2486
43571.344	    53.3333
43572.477	    52.9568
43573.609	    52.9568
43574.688	    55.6586
43575.789	    54.4465
43576.906	    53.7153
43577.992	    55.2486
43579.109	    53.7153
43580.250	    52.5854
43581.398	    52.2648
43582.469	    56.0748
43583.562	    54.8446
43584.680	    53.7153
43585.766	    55.2486
43586.883	    53.7153
43588.055	    51.1945
43589.219	    51.5464
43590.352	    52.9568
43591.531	    50.8475
43592.695	    51.5464
43593.836	    52.5854
43595.023	    50.5051
43596.219	    50.2092
43597.359	    52.5854
43598.516	    51.9031
43599.695	    50.8475
43600.836	    52.5854
43601.953	    53.7153
43603.086	    52.9568
43604.203	    53.7153
43605.297	    54.8446
43606.406	    54.1028
43607.586	    50.8475
43608.727	    52.5854
43609.836	    54.1028
43610.922	    55.2486
43612.000	    55.6586
43613.008	    59.5238
43614.047	    57.7478
43615.164	    53.7153
43616.258	    54.8446
43617.391	    52.9568
43618.523	    52.9568
43619.664	    52.5854
43620.766	    54.4465
43621.883	    53.7153
43622.992	    54.1028
43624.055	    56.4972
43625.141	    55.2486
43626.273	    52.9568
43627.406	    52.9568
43628.516	    54.1028
43629.625	    54.1028
43630.766	    52.5854
43631.852	    55.2486
43633.008	    51.9031
43634.219	    49.5458
43635.398	    50.8475
43636.617	    49.2207
43637.836	    49.2207
43639.031	    50.2092
43640.211	    50.8475
43641.422	    49.5458
43642.586	    51.5464
43643.805	    49.2207
43644.977	    51.1945
43646.125	    52.2648
43647.219	    54.8446
43648.273	    56.8720
43649.289	    59.0551
43650.266	    61.4125
43651.227	    62.4350
43652.227	    60.0000
43653.281	    56.8720
43654.406	    53.3333
43655.562	    51.9031
43656.781	    49.2207
43657.969	    50.5051
43659.125	    51.9031
43660.281	    51.9031
43661.430	    52.2648
43662.523	    54.8446
43663.648	    53.3333
43664.750	    54.4465
43665.828	    55.6586
43666.922	    54.8446
43668.031	    54.1028
43669.133	    54.4465
43670.242	    54.1028
43671.375	    52.9568
43672.547	    51.1945
43673.695	    52.2648
43674.836	    52.5854
43676.016	    50.8475
43677.141	    53.3333
43678.289	    52.2648
43679.438	    52.2648
43680.578	    52.5854
43681.672	    54.8446
43682.766	    54.8446
43683.883	    53.7153
43685.008	    53.3333
43686.133	    53.3333
43687.281	    52.2648
43688.422	    52.5854
43689.531	    54.1028
43690.703	    51.1945
43691.859	    51.9031
43692.977	    53.7153
43694.117	    52.5854
43695.281	    51.5464
43696.391	    54.1028
43697.492	    54.4465
43698.594	    54.4465
43699.703	    54.1028
43700.789	    55.2486
43701.883	    54.8446
43703.008	    53.3333
43704.148	    52.5854
43705.273	    53.3333
43706.430	    51.9031
43707.586	    51.9031
43708.703	    53.7153
43709.805	    54.4465
43710.922	    53.7153
43712.047	    53.3333
43713.141	    54.8446
43714.281	    52.5854
43715.438	    51.9031
43716.555	    53.7153
43717.758	    49.8753
43718.969	    49.5458
43720.133	    51.5464
43721.258	    53.3333
43722.383	    53.3333
43723.492	    54.1028
43724.586	    54.8446
43725.703	    53.7153
43726.828	    53.3333
43727.914	    55.2486
43729.031	    53.7153
43730.172	    52.5854
43731.320	    52.2648
43732.406	    55.2486
43733.477	    56.0748
43734.539	    56.4972
43735.617	    55.6586
43736.688	    56.0748
43737.781	    54.8446
43738.867	    55.2486
43739.945	    55.6586
43741.055	    54.1028
43742.148	    54.8446
43743.227	    55.6586
43744.344	    53.7153
43745.461	    53.7153
43746.547	    55.2486
43747.641	    54.8446
43748.742	    54.4465
43749.828	    55.2486
43750.922	    54.8446
43752.039	    53.7153
43753.125	    55.2486
43754.188	    56.4972
43755.266	    55.6586
43756.383	    53.7153
43757.477	    54.8446
43758.602	    53.3333
43759.781	    50.8475
43760.945	    51.5464
43762.094	    52.2648
43763.281	    50.5051
43764.469	    50.5051
43765.594	    53.3333
43766.742	    52.2648
43767.930	    50.5051
43769.062	    52.9568
43770.172	    54.1028
43771.297	    53.3333
43772.445	    52.2648
43773.539	    54.8446
43774.695	    51.9031
43775.875	    50.8475
43776.969	    54.8446
43778.070	    54.4465
43779.164	    54.8446
43780.289	    53.3333
43781.398	    54.1028
43782.539	    52.5854
43783.633	    54.8446
43784.672	    57.7478
43785.781	    54.1028
43786.891	    54.1028
43788.016	    53.3333
43789.109	    54.8446
43790.188	    55.6586
43791.250	    56.4972
43792.305	    56.8720
43793.391	    55.2486
43794.477	    55.2486
43795.547	    56.0748
43796.641	    54.8446
43797.750	    54.1028
43798.789	    57.7478
43799.836	    57.3066
43800.914	    55.6586
43802.031	    53.7153
43803.141	    54.1028
43804.266	    53.3333
43805.406	    52.5854
43806.523	    53.7153
43807.727	    49.8753
43808.914	    50.5051
43810.086	    51.1945
43811.266	    50.8475
43812.461	    50.2092
43813.664	    49.8753
43814.773	    54.1028
43815.891	    53.7153
43816.984	    54.8446
43818.062	    55.6586
43819.125	    56.4972
43820.227	    54.4465
43821.344	    53.7153
43822.453	    54.1028
43823.570	    53.7153
43824.734	    51.5464
43825.891	    51.9031
43827.047	    51.9031
43828.203	    51.9031
43829.328	    53.3333
43830.438	    54.1028
43831.562	    53.3333
43832.727	    51.5464
43833.828	    54.4465
43834.938	    54.1028
43836.094	    51.9031
43837.148	    56.8720
43838.203	    56.8720
43839.258	    56.8720
43840.336	    55.6586
43841.453	    53.7153
43842.617	    51.5464
43843.789	    51.1945
43844.914	    53.3333
43846.055	    52.5854
43847.195	    52.5854
43848.328	    52.9568
43849.422	    54.8446
43850.555	    52.9568
43851.680	    53.3333
43852.781	    54.4465
43853.922	    52.5854
43855.125	    49.8753
43856.266	    52.5854
43857.453	    50.5051
43858.625	    51.1945
43859.789	    51.5464
43860.961	    51.1945
43862.156	    50.2092
43863.305	    52.2648
43864.398	    54.8446
43865.484	    55.2486
43866.594	    54.1028
43867.680	    55.2486
43868.805	    53.3333
43869.953	    52.2648
43871.070	    53.7153
43872.188	    53.7153
43873.359	    51.1945
43874.555	    50.2092
43875.734	    50.8475
43876.922	    50.5051
43878.117	    50.2092
43879.289	    51.1945
43880.430	    52.5854
43881.641	    49.5458
43882.820	    50.8475
43883.953	    52.9568
43885.133	    50.8475
43886.305	    51.1945
43887.430	    53.3333
43888.523	    54.8446
43889.617	    54.8446
43890.688	    56.0748
43891.766	    55.6586
43892.859	    54.8446
43894.016	    51.9031
43895.180	    51.5464
43896.430	    48.0000
43897.672	    48.3092
43898.883	    49.5458
43900.109	    48.8998
43901.312	    49.8753
43902.477	    51.5464
43903.609	    52.9568
43904.742	    52.9568
43905.844	    54.4465
43906.984	    52.5854
43908.148	    51.5464
43909.242	    54.8446
43910.352	    54.1028
43911.516	    51.5464
43912.656	    52.5854
43913.734	    55.6586
43914.852	    53.7153
43915.992	    52.5854
43917.094	    54.4465
43918.234	    52.5854
43919.414	    50.8475
43920.570	    51.9031
43921.672	    54.4465
43922.789	    53.7153
43923.945	    51.9031
43925.086	    52.5854
43926.234	    52.2648
43927.383	    52.2648
43928.500	    53.7153
43929.625	    53.3333
43930.758	    52.9568
43931.914	    51.9031
43933.078	    51.5464
43934.281	    49.8753
43935.445	    51.5464
43936.547	    54.4465
43937.656	    54.1028
43938.758	    54.4465
43939.797	    57.7478
43940.836	    57.7478
43941.922	    55.2486
43943.031	    54.1028
43944.125	    54.8446
43945.203	    55.6586
43946.305	    54.4465
43947.367	    56.4972
43948.422	    56.8720
43949.500	    55.6586
43950.570	    56.0748
43951.656	    55.2486
43952.750	    54.8446
43953.844	    54.8446
43954.938	    54.8446
43956.016	    55.6586
43957.117	    54.4465
43958.258	    52.5854
43959.367	    54.1028
43960.516	    52.2648
43961.609	    54.8446
43962.695	    55.2486
43963.766	    56.0748
43964.883	    53.7153
43965.984	    54.4465
43967.125	    52.5854
43968.258	    52.9568
43969.367	    54.1028
43970.477	    54.1028
43971.625	    52.2648
43972.773	    52.2648
43973.875	    54.4465
43974.984	    54.1028
43976.047	    56.4972
43977.117	    56.0748
43978.188	    56.0748
43979.328	    52.5854
43980.438	    54.1028
43981.539	    54.4465
43982.664	    53.3333
43983.812	    52.2648
43984.938	    53.3333
43986.039	    54.4465
43987.172	    52.9568
43988.305	    52.9568
43989.367	    56.4972
43990.461	    54.8446
43991.602	    52.5854
43992.688	    55.2486
43993.742	    56.8720
43994.805	    56.4972
43995.891	    55.2486
43997.016	    53.3333
43998.141	    53.3333
43999.312	    51.1945
44000.445	    52.9568
44001.562	    53.7153
44002.695	    52.9568
44003.797	    54.4465
44004.883	    55.2486
44006.000	    53.7153
44007.141	    52.5854
44008.258	    53.7153
44009.344	    55.2486
44010.445	    54.4465
44011.602	    51.9031
44012.711	    54.1028
44013.820	    54.1028
44014.977	    51.9031
44016.164	    50.5051
44017.273	    54.1028
44018.383	    54.1028
44019.523	    52.5854
44020.617	    54.8446
44021.727	    54.1028
44022.852	    53.3333
44023.977	    53.3333
44025.055	    55.6586
44026.180	    53.3333
44027.297	    53.7153
44028.367	    56.0748
44029.484	    53.7153
44030.602	    53.7153
44031.742	    52.5854
44032.805	    56.4972
44033.969	    51.5464
44035.102	    52.9568
44036.203	    54.4465
44037.320	    53.7153
44038.438	    53.7153
44039.453	    59.0551
44040.438	    60.9756
44041.430	    60.4839
44042.438	    59.5238
44043.484	    57.3066
44044.617	    52.9568
44045.719	    54.4465
44046.797	    55.6586
44047.898	    54.4465
44048.977	    55.6586
44050.086	    54.1028
44051.250	    51.5464
44052.383	    52.9568
44053.539	    51.9031
44054.711	    51.1945
44055.875	    51.5464
44057.023	    52.2648
44058.203	    50.8475
44059.383	    50.8475
44060.492	    54.1028
44061.445	    62.9591
44062.430	    60.9756
44063.477	    57.3066
44064.570	    54.8446
44065.727	    51.9031
44066.906	    50.8475
44068.055	    52.2648
44069.188	    52.9568
44070.367	    50.8475
44071.469	    54.4465
44072.523	    56.8720
44073.562	    57.7478
44074.625	    56.4972
44075.664	    57.7478
44076.766	    54.4465
44077.820	    56.8720
44078.766	    63.4921
44079.688	    65.0759
44080.578	    67.3401
44081.461	    67.9502
44082.305	    71.0900
44083.156	    70.4225
44083.992	    71.7703
44084.812	    73.1707
44085.617	    74.5342
44086.422	    74.5342
44087.211	    76.0456
44087.992	    76.8246
44088.758	    78.3290
44089.516	    79.1557
44090.266	    80.0000
44091.008	    80.8625
44091.750	    80.8625
44092.477	    82.5310
44093.195	    83.4492
44093.898	    85.3485
44094.609	    84.3882
44095.305	    86.3309
44095.992	    87.2093
44096.680	    87.2093
44097.375	    86.3309
44098.062	    87.2093
44098.758	    86.3309
44099.461	    85.3485
44100.180	    83.4492
44100.945	    78.3290
44101.766	    73.1707
44102.648	    67.9502
44103.523	    68.5714
44104.492	    61.9195
44105.641	    52.2648
44106.945	    45.9770
44108.180	    48.6224
44109.328	    52.2648
44110.484	    51.9031
44111.641	    51.9031
44112.828	    50.5051
44114.047	    49.2207
44115.305	    47.6948
44116.492	    50.5051
44117.609	    53.7153
44118.719	    54.1028
44119.680	    62.4350
44120.664	    60.9756
44121.703	    57.7478
44122.883	    50.8475
44123.984	    54.4465
44125.109	    53.3333
44126.172	    56.4972
44127.336	    51.5464
44128.508	    51.1945
44129.664	    51.9031
44130.797	    52.9568
44131.938	    52.5854
44133.086	    52.2648
44134.266	    50.8475
44135.414	    52.2648
44136.594	    50.8475
44137.781	    50.5051
44138.820	    57.7478
44139.812	    60.4839
44140.797	    60.9756
44141.773	    61.4125
44142.820	    57.3066
44144.000	    50.8475
44145.203	    49.8753
44146.398	    50.2092
44147.555	    51.9031
44148.703	    52.2648
44149.836	    52.9568
44150.977	    52.5854
44152.023	    57.3066
44153.023	    60.0000
44153.992	    61.9195
44154.984	    60.4839
44156.016	    58.1959
44157.203	    50.5051
44158.398	    50.2092
44159.578	    50.8475
44160.773	    50.2092
44161.945	    51.1945
44163.094	    52.2648
44164.312	    49.2207
44165.508	    50.2092
44166.641	    52.9568
44167.836	    50.2092
44168.938	    54.4465
44170.086	    52.2648
44171.211	    53.3333
44172.328	    53.7153
44173.492	    51.5464
44174.656	    51.5464
44175.789	    52.9568
44176.922	    52.9568
44177.930	    59.5238
44178.875	    63.4921
44179.836	    62.4350
44180.844	    59.5238
44181.836	    60.4839
44182.930	    54.8446
44184.055	    53.3333
44185.156	    54.4465
44186.289	    52.9568
44187.398	    54.1028
44188.500	    54.4465
44189.602	    54.4465
44190.656	    56.8720
44191.703	    57.3066
44192.703	    60.0000
44193.680	    61.4125
44194.688	    59.5238
44195.711	    58.6510
44196.711	    60.0000
44197.711	    60.0000
44198.750	    57.7478
44199.789	    57.7478
44200.922	    52.9568
44202.062	    52.5854
44203.227	    51.5464
44204.430	    49.8753
44205.602	    51.1945
44206.805	    49.8753
44208.016	    49.5458
44209.133	    53.7153
44210.258	    53.3333
44211.359	    54.4465
44212.461	    54.4465
44213.547	    55.2486
44214.641	    54.8446
44215.688	    57.3066
44216.727	    57.7478
44217.711	    60.9756
44218.680	    61.9195
44219.703	    58.6510
44220.797	    54.8446
44221.844	    57.3066
44222.859	    59.0551
44223.867	    59.5238
44224.844	    61.4125
44225.859	    59.0551
44226.938	    55.6586
44228.016	    55.6586
44229.125	    54.1028
44230.250	    53.3333
44231.383	    52.9568
44232.492	    54.1028
44233.625	    52.9568
44234.727	    54.4465
44235.867	    52.5854
44237.000	    52.9568
44238.094	    54.8446
44239.219	    53.3333
44240.367	    52.2648
44241.469	    54.4465
44242.578	    54.1028
44243.680	    54.4465
44244.711	    58.1959
44245.742	    58.1959
44246.812	    56.0748
44247.891	    55.6586
44248.938	    57.3066
44249.984	    57.3066
44251.039	    56.8720
44252.102	    56.4972
44253.164	    56.4972
44254.195	    58.1959
44255.273	    55.6586
44256.414	    52.5854
44257.508	    54.8446
44258.602	    54.8446
44259.719	    53.7153
44260.828	    54.1028
44261.867	    57.7478
44262.914	    57.3066
44263.930	    59.0551
44264.930	    60.0000
44265.961	    58.1959
44267.031	    56.0748
44268.125	    54.8446
44269.266	    52.5854
44270.453	    50.5051
44271.617	    51.5464
44272.805	    50.5051
44273.961	    51.9031
44275.070	    54.1028
44276.125	    56.8720
44277.164	    57.7478
44278.258	    54.8446
44279.344	    55.2486
44280.414	    56.0748
44281.430	    59.0551
44282.398	    61.9195
44283.414	    59.0551
44284.445	    58.1959
44285.492	    57.3066
44286.586	    54.8446
44287.719	    52.9568
44288.812	    54.8446
44289.945	    52.9568
44291.000	    56.8720
44292.031	    58.1959
44293.086	    56.8720
44294.148	    56.4972
44295.211	    56.4972
44296.234	    58.6510
44297.258	    58.6510
44298.273	    59.0551
44299.242	    61.9195
44300.203	    62.4350
44301.156	    62.9591
44302.195	    57.7478
44303.219	    58.6510
44304.234	    59.0551
44305.320	    55.2486
44306.445	    53.3333
44307.586	    52.5854
44308.703	    53.7153
44309.812	    54.1028
44310.898	    55.2486
44312.008	    54.1028
44313.125	    53.7153
44314.234	    54.1028
44315.352	    53.7153
44316.430	    55.6586
44317.422	    60.4839
44318.352	    64.5161
44319.242	    67.3401
44320.172	    64.5161
44321.133	    62.4350
44322.148	    59.0551
44323.156	    59.5238
44324.234	    55.6586
44325.414	    50.8475
44326.570	    51.9031
44327.734	    51.5464
44328.820	    55.2486
44329.906	    55.2486
44330.969	    56.4972
44332.055	    55.2486
44333.156	    54.4465
44334.234	    55.6586
44335.352	    53.7153
44336.445	    54.8446
44337.531	    55.2486
44338.578	    57.3066
44339.555	    61.4125
44340.547	    60.4839
44341.547	    60.0000
44342.594	    57.3066
44343.656	    56.4972
44344.797	    52.5854
44345.953	    51.9031
44347.086	    52.9568
44348.180	    54.8446
44349.352	    51.1945
44350.500	    52.2648
44351.656	    51.9031
44352.812	    51.9031
44353.953	    52.5854
44355.047	    54.8446
44356.156	    54.1028
44357.242	    55.2486
44358.297	    56.8720
44359.344	    57.3066
44360.383	    57.7478
44361.398	    59.0551
44362.367	    61.9195
44362.984	    97.2447
44363.500	    116.279
44364.664	    51.5464
44365.719	    56.8720
44366.867	    52.2648
44368.062	    50.2092
44369.188	    53.3333
44370.297	    54.1028
44371.398	    54.4465
44372.500	    54.4465
44373.625	    53.3333
44374.750	    53.3333
44375.859	    54.1028
44376.930	    56.0748
44378.031	    54.4465
44379.156	    53.3333
44380.234	    55.6586
44381.289	    56.8720
44382.383	    54.8446
44383.422	    57.7478
44384.383	    62.4350
44385.305	    65.0759
44386.234	    64.5161
44387.172	    63.9659
44388.125	    62.9591
44389.180	    56.8720
44390.250	    56.0748
44391.297	    57.3066
44392.398	    54.4465
44393.531	    52.9568
44394.695	    51.5464
44395.805	    54.1028
44396.883	    55.6586
44397.945	    56.4972
44399.016	    56.0748
44400.094	    55.6586
44401.148	    56.8720
44402.203	    56.8720
44403.266	    56.4972
44404.375	    54.1028
44405.500	    53.3333
44406.656	    51.9031
44407.828	    51.1945
44408.961	    52.9568
44410.070	    54.1028
44411.203	    52.9568
44412.320	    53.7153
44413.391	    56.0748
44414.484	    54.8446
44415.508	    58.6510
44416.539	    58.1959
44417.531	    60.4839
44418.555	    58.6510
44419.609	    56.8720
44420.695	    55.2486
44421.852	    51.9031
44423.016	    51.5464
44424.164	    52.2648
44425.312	    52.2648
44426.414	    54.4465
44427.539	    53.3333
44428.625	    55.2486
44429.727	    54.4465
44430.875	    52.2648
44431.984	    54.1028
44433.078	    54.8446
44434.211	    52.9568
44435.375	    51.5464
44436.500	    53.3333
44437.617	    53.7153
44438.695	    55.6586
44439.766	    56.0748
44440.852	    55.2486
44441.953	    54.4465
44443.039	    55.2486
44444.117	    55.6586
44445.227	    54.1028
44446.328	    54.4465
44447.430	    54.4465
44448.570	    52.5854
44449.711	    52.5854
44450.820	    54.1028
44451.906	    55.2486
44452.953	    57.3066
44453.984	    58.1959
44454.969	    60.9756
44455.969	    60.0000
44456.984	    59.0551
44458.039	    56.8720
44459.078	    57.7478
44460.141	    56.4972
44461.219	    55.6586
44462.297	    55.6586
44463.305	    59.5238
44464.234	    64.5161
44465.148	    65.6455
44466.086	    63.9659
44467.094	    59.5238
44468.242	    52.2648
44469.414	    51.1945
44470.617	    49.8753
44471.812	    50.2092
44472.945	    52.9568
44474.078	    52.9568
44475.203	    53.3333
44476.297	    54.8446
44477.359	    56.4972
44478.438	    55.6586
44479.484	    57.3066
44480.492	    59.5238
44481.469	    61.4125
44482.500	    58.1959
44483.586	    55.2486
44484.797	    49.5458
44486.000	    49.8753
44487.172	    51.1945
44488.344	    51.1945
44489.516	    51.1945
44490.680	    51.5464
44491.852	    51.1945
44493.016	    51.5464
44494.141	    53.3333
44495.312	    51.1945
44496.453	    52.5854
44497.586	    52.9568
44498.734	    52.2648
44499.859	    53.3333
44500.883	    58.6510
44501.844	    62.4350
44502.789	    63.4921
44503.773	    60.9756
44504.781	    59.5238
44505.914	    52.9568
44507.141	    48.8998
44508.289	    52.2648
44509.430	    52.5854
44510.602	    51.1945
44511.719	    53.7153
44512.891	    51.1945
44514.031	    52.5854
44515.172	    52.5854
44516.328	    51.9031
44517.492	    51.5464
44518.602	    54.1028
44519.680	    55.6586
44520.750	    56.0748
44521.852	    54.4465
44522.898	    57.3066
44523.977	    55.6586
44524.992	    59.0551
44525.977	    60.9756
44527.023	    57.3066
44528.117	    54.8446
44529.094	    61.4125
44530.062	    61.9195
44531.070	    59.5238
44532.156	    55.2486
44533.336	    50.8475
44534.508	    51.1945
44535.633	    53.3333
44536.719	    55.2486
44537.812	    54.8446
44538.914	    54.4465
44540.000	    55.2486
44541.125	    53.3333
44542.203	    55.6586
44543.281	    55.6586
44544.406	    53.3333
44545.547	    52.5854
44546.703	    51.9031
44547.836	    52.9568
44548.977	    52.5854
44550.039	    56.4972
44551.109	    56.0748
44552.203	    54.8446
44553.266	    56.4972
44554.328	    56.4972
44555.391	    56.4972
44556.438	    57.3066
44557.445	    59.5238
44558.430	    60.9756
44559.383	    62.9591
44560.352	    61.9195
44561.383	    58.1959
44562.469	    55.2486
44563.500	    58.1959
44564.492	    60.4839
44565.492	    60.0000
44566.547	    56.8720
44567.602	    56.8720
44568.680	    55.6586
44569.773	    54.8446
44570.883	    54.1028
44571.875	    60.4839
44572.820	    63.4921
44573.734	    65.6455
44574.648	    65.6455
44575.578	    64.5161
44576.578	    60.0000
44577.594	    59.0551
44578.688	    54.8446
44579.812	    53.3333
44580.898	    55.2486
44582.031	    52.9568
44583.125	    54.8446
44584.156	    58.1959
44585.117	    62.4350
44586.047	    64.5161
44586.969	    65.0759
44587.914	    63.4921
44588.922	    59.5238
44589.953	    58.1959
44591.086	    52.9568
44592.250	    51.5464
44593.398	    52.2648
44594.609	    49.5458
44595.797	    50.5051
44596.953	    51.9031
44598.117	    51.5464
44599.266	    52.2648
44600.391	    53.3333
44601.539	    52.2648
44602.695	    51.9031
44603.789	    54.8446
44604.859	    56.0748
44605.914	    56.8720
44606.953	    57.7478
44608.016	    56.4972
44609.141	    53.3333
44610.273	    52.9568
44611.367	    54.8446
44612.469	    54.4465
44613.617	    52.2648
44614.789	    51.1945
44615.914	    53.3333
44617.070	    51.9031
44618.211	    52.5854
44619.336	    53.3333
44620.445	    54.1028
44621.555	    54.1028
44622.609	    56.8720
44623.625	    59.0551
44624.680	    56.8720
44625.781	    54.4465
44626.875	    54.8446
44627.969	    54.8446
44629.117	    52.2648
44630.289	    51.1945
44631.406	    53.7153
44632.484	    55.6586
44633.539	    56.8720
44634.492	    62.9591
44635.422	    64.5161
44636.375	    62.9591
44637.391	    59.0551
44638.438	    57.3066
44639.516	    55.6586
44640.633	    53.7153
44641.711	    55.6586
44642.836	    53.3333
44643.984	    52.2648
44645.117	    52.9568
44646.258	    52.5854
44647.344	    55.2486
44648.406	    56.4972
44649.492	    55.2486
44650.578	    55.2486
44651.570	    60.4839
44652.523	    62.9591
44653.516	    60.4839
44654.570	    56.8720
44655.688	    53.7153
44656.883	    50.2092
44658.078	    50.2092
44659.281	    49.8753
44660.461	    50.8475
44661.625	    51.5464
44662.828	    49.8753
44664.031	    49.8753
44665.227	    50.2092
44666.414	    50.5051
44667.602	    50.5051
44668.781	    50.8475
44669.914	    52.9568
44671.070	    51.9031
44672.195	    53.3333
44673.289	    54.8446
44674.398	    54.1028
44675.531	    52.9568
44676.547	    59.0551
44677.516	    61.9195
44678.492	    61.4125
44679.500	    59.5238
44680.484	    60.9756
44681.539	    56.8720
44682.633	    54.8446
44683.695	    56.4972
44684.781	    55.2486
44685.859	    55.6586
44686.891	    58.1959
44687.969	    55.6586
44688.984	    59.0551
44689.875	    67.3401
44690.727	    70.4225
44691.539	    73.8916
44692.336	    75.2823
44693.125	    76.0456
44693.891	    78.3290
44694.648	    79.1557
44695.406	    79.1557
44696.156	    80.0000
44696.898	    80.8625
44697.633	    81.7439
44698.367	    81.7439
44699.102	    81.7439
44699.852	    80.0000
44700.617	    78.3290
44701.383	    78.3290
44702.164	    76.8246
44702.938	    77.6197
44703.719	    76.8246
44704.508	    76.0456
44705.305	    75.2823
44706.117	    73.8916
44706.984	    69.2042
44707.883	    66.8151
44708.805	    65.0759
44709.766	    62.4350
44710.773	    59.5238
44711.852	    55.6586
44712.984	    52.9568
44714.172	    50.5051
44715.352	    50.8475
44716.547	    50.2092
44717.742	    50.2092
44718.906	    51.5464
44720.039	    52.9568
44721.117	    55.6586
44722.164	    57.3066
44723.234	    56.0748
44724.328	    54.8446
44725.422	    54.8446
44726.492	    56.0748
44727.586	    54.8446
44728.688	    54.4465
44729.781	    54.8446
44730.781	    60.0000
44731.727	    63.4921
44732.641	    65.6455
44733.586	    63.4921
44734.680	    54.8446
44735.812	    52.9568
44736.945	    52.9568
44738.031	    55.2486
44739.086	    56.8720
44740.133	    57.3066
44741.242	    54.1028
44742.336	    54.8446
44743.477	    52.5854
44744.586	    54.1028
44745.656	    56.0748
44746.664	    59.5238
44747.695	    58.1959
44748.789	    54.8446
44749.930	    52.5854
44751.094	    51.5464
44752.211	    53.7153
44753.320	    54.1028
44754.352	    58.1959
44755.359	    59.5238
44756.352	    60.4839
44757.375	    58.6510
44758.398	    58.6510
44759.508	    54.1028
44760.633	    53.3333
44761.812	    50.8475
44762.945	    52.9568
44764.086	    52.5854
44765.219	    52.9568
44766.305	    55.2486
44767.391	    55.2486
44768.508	    53.7153
44769.594	    55.2486
44770.680	    55.2486
44771.766	    55.2486
44772.695	    64.5161
44773.578	    67.9502
44774.430	    70.4225
44775.258	    72.4638
44776.062	    74.5342
44776.859	    75.2823
44777.672	    73.8916
44778.492	    73.1707
44779.414	    65.0759
44780.430	    59.0551
44781.453	    58.6510
44782.523	    56.0748
44783.641	    53.7153
44784.750	    54.1028
44785.758	    59.5238
44786.742	    60.9756
44787.734	    60.4839
44788.750	    59.0551
44789.805	    56.8720
44790.938	    52.9568
44792.148	    49.5458
44793.375	    48.8998
44794.594	    49.2207
44795.828	    48.6224
44797.039	    49.5458
44798.234	    50.2092
44799.453	    49.2207
44800.680	    48.8998
44801.859	    50.8475
44803.039	    50.8475
44804.234	    50.2092
44805.430	    50.2092
44806.609	    50.8475
44807.750	    52.5854
44808.891	    52.5854
44809.969	    55.6586
44811.016	    57.3066
44812.016	    60.0000
44813.016	    60.0000
44814.039	    58.6510
44815.047	    59.5238
44816.039	    60.4839
44817.102	    56.4972
44818.125	    58.6510
44819.227	    54.4465
44820.375	    52.2648
44821.445	    56.0748
44822.562	    53.7153
44823.680	    53.7153
44824.766	    55.2486
44825.875	    54.1028
44826.992	    53.7153
44828.055	    56.4972
44829.094	    57.7478
44830.148	    56.8720
44831.188	    57.7478
44832.266	    55.6586
44833.367	    54.4465
44834.492	    53.3333
44835.609	    53.7153
44836.781	    51.1945
44837.969	    50.5051
44839.078	    54.1028
44840.172	    54.8446
44841.227	    56.8720
44842.266	    57.7478
44843.312	    57.3066
44844.320	    59.5238
44845.312	    60.4839
44846.289	    61.4125
44847.266	    61.4125
44848.289	    58.6510
44849.297	    59.5238
44850.297	    60.0000
44851.312	    59.0551
44852.344	    58.1959
44853.359	    59.0551
44854.336	    61.4125
44855.273	    63.9659
44856.211	    63.9659
44857.180	    61.9195
44858.172	    60.4839
44859.148	    61.4125
44860.125	    61.4125
44861.148	    58.6510
44862.188	    57.7478
44863.281	    54.8446
44864.414	    52.9568
44865.484	    56.0748
44866.461	    61.4125
44867.438	    61.4125
44868.461	    58.6510
44869.500	    57.7478
44870.586	    55.2486
44871.727	    52.5854
44872.867	    52.5854
44874.016	    52.2648
44875.203	    50.5051
44876.359	    51.9031
44877.438	    55.6586
44878.484	    57.3066
44879.492	    59.5238
44880.430	    63.9659
44881.336	    66.2252
44882.281	    63.4921
44883.297	    59.0551
44884.336	    57.7478
44885.430	    54.8446
44886.555	    53.3333
44887.688	    52.9568
44888.789	    54.4465
44889.914	    53.3333
44891.047	    52.9568
44892.133	    55.2486
44893.234	    54.4465
44894.344	    54.1028
44895.422	    55.6586
44896.516	    54.8446
44897.602	    55.2486
44898.648	    57.3066
44899.695	    57.3066
44900.703	    59.5238
44901.695	    60.4839
44902.688	    60.4839
44903.727	    57.7478
44904.820	    54.8446
44905.930	    54.1028
44907.102	    51.1945
44908.273	    51.1945
44909.422	    52.2648
44910.586	    51.5464
44911.766	    50.8475
44912.891	    53.3333
44914.031	    52.5854
44915.148	    53.7153
44916.227	    55.6586
44917.273	    57.3066
44918.320	    57.3066
44919.352	    58.1959
44920.312	    62.4350
44921.281	    61.9195
44922.211	    64.5161
44923.125	    65.6455
44923.992	    69.2042
44924.570	   103.8062
44925.508	    63.9659
44926.320	    73.8916
44927.102	    76.8246
44927.875	    77.6197
44928.648	    77.6197
44929.445	    75.2823
44930.234	    76.0456
44931.023	    76.0456
44931.805	    76.8246
44932.586	    76.8246
44933.352	    78.3290
44934.117	    78.3290
44934.867	    80.0000
44935.609	    80.8625
44936.352	    80.8625
44937.086	    81.7439
44937.805	    83.4492
44938.523	    83.4492
44939.234	    84.3882
44939.945	    84.3882
44940.672	    82.5310
44941.438	    78.3290
44942.297	    69.8487
44943.227	    64.5161
44944.188	    62.4350
44945.234	    57.3066
44946.383	    52.2648
44947.516	    52.9568
44948.680	    51.5464
44949.898	    49.2207
44951.078	    50.8475
44952.250	    51.1945
44953.461	    49.5458
44954.656	    50.2092
44955.742	    55.2486
44956.844	    54.4465
44957.914	    56.0748
44958.930	    59.0551
44960.070	    52.5854
44961.266	    50.2092
44962.430	    51.5464
44963.594	    51.5464
44964.805	    49.5458
44965.961	    51.9031
44966.984	    58.6510
44967.977	    60.4839
44968.938	    62.4350
44969.914	    61.4125
44970.961	    57.3066
44971.992	    58.1959
44973.055	    56.4972
44974.109	    56.8720
44975.297	    50.5051
44976.359	    56.4972
44977.305	    63.4921
44978.336	    58.1959
44979.414	    55.6586
44980.477	    56.4972
44981.680	    49.8753
44982.891	    49.5458
44984.047	    51.9031
44985.250	    49.8753
44986.352	    54.4465
44987.383	    58.1959
44988.484	    54.4465
44989.477	    60.4839
44990.430	    62.9591
44991.359	    64.5161
44992.391	    58.1959
44993.547	    51.9031
44994.742	    50.2092
44995.984	    48.3092
44997.117	    52.9568
44998.195	    55.6586
44999.336	    52.5854
45000.477	    52.5854
45001.547	    56.0748
45002.750	    49.8753
45003.938	    50.5051
45005.062	    53.3333
45006.180	    53.7153
45007.430	    48.0000
45008.547	    53.7153
45009.672	    53.3333
45010.836	    51.5464
45012.023	    50.5051
45013.125	    54.4465
45014.266	    52.5854
45015.445	    50.8475
45016.523	    55.6586
45017.672	    52.2648
45018.758	    55.2486
45019.805	    57.3066
45020.859	    56.8720
45021.898	    57.7478
45022.898	    60.0000
45023.883	    60.9756
45024.914	    58.1959
45025.969	    56.8720
45026.969	    60.0000
45027.953	    60.9756
45028.984	    58.1959
45030.047	    56.4972
45031.109	    56.4972
45032.164	    56.8720
45033.227	    56.4972
45034.273	    57.3066
45035.297	    58.6510
45036.297	    60.0000
45037.375	    55.6586
45038.469	    54.8446
45039.500	    58.1959
45040.555	    56.8720
45041.727	    51.1945
45042.812	    55.2486
45043.828	    59.0551
45044.898	    56.0748
45046.008	    54.1028
45047.094	    55.2486
45048.391	    46.2606
45049.609	    49.2207
45050.719	    54.1028
45051.836	    53.7153
45052.969	    52.9568
45054.109	    52.5854
45055.211	    54.4465
45056.320	    54.1028
45057.336	    59.0551
45058.266	    64.5161
45059.195	    64.5161
45060.172	    61.4125
45061.305	    52.9568
45062.484	    50.8475
45063.680	    50.2092
45065.016	    44.9102
45066.172	    51.9031
45067.203	    58.1959
45068.203	    60.0000
45069.312	    54.1028
45070.375	    56.4972
45071.484	    54.1028
45072.805	    45.4545
45073.984	    50.8475
45075.133	    52.2648
45076.297	    51.5464
45077.422	    53.3333
45078.680	    47.6948
45079.859	    50.8475
45080.938	    55.6586
45081.992	    56.8720
45083.109	    53.7153
45084.203	    54.8446
45085.234	    58.1959
45086.367	    52.9568
45087.469	    54.4465
45088.578	    54.1028
45089.789	    49.5458
45091.039	    48.0000
45092.164	    53.3333
45093.289	    53.3333
45094.375	    55.2486
45095.367	    60.4839
45096.328	    62.4350
45097.273	    63.4921
45098.266	    60.4839
