50402.344	    48.0000
50403.555	    49.5458
50404.758	    49.8753
50406.008	    48.0000
50407.227	    49.2207
50408.445	    49.2207
50409.648	    49.8753
50410.828	    50.8475
50412.016	    50.5051
50413.297	    46.8384
50414.594	    46.2606
50415.828	    48.6224
50417.125	    46.2606
50418.398	    47.1328
50419.602	    49.8753
50420.836	    48.6224
50422.031	    50.2092
50423.172	    52.5854
50424.344	    51.1945
50425.594	    48.0000
50426.797	    49.8753
50427.922	    53.3333
50428.984	    56.4972
50430.109	    53.3333
50431.203	    54.8446
50432.258	    56.8720
50433.281	    58.6510
50434.242	    62.4350
50435.250	    59.5238
50436.242	    60.4839
50437.242	    60.0000
50438.328	    55.2486
50439.500	    51.1945
50440.570	    56.0748
50441.672	    54.4465
50442.812	    52.5854
50443.875	    56.4972
50444.969	    54.8446
50446.125	    51.9031
50447.250	    53.3333
50448.328	    55.6586
50449.477	    52.2648
50450.617	    52.5854
50451.766	    52.2648
50453.023	    47.6948
50454.242	    49.2207
50455.367	    53.3333
50456.547	    50.8475
50457.750	    49.8753
50458.891	    52.5854
50460.055	    51.5464
50461.180	    53.3333
50462.328	    52.2648
50463.516	    50.5051
50464.641	    53.3333
50465.766	    53.3333
50466.797	    58.1959
50467.758	    62.4350
50468.664	    66.2252
50469.555	    67.3401
50470.422	    69.2042
50471.320	    66.8151
50472.266	    63.4921
50473.289	    58.6510
50474.625	    44.9102
50475.992	    43.8917
50477.258	    47.3934
50478.562	    45.9770
50479.820	    47.6948
50481.078	    47.6948
50482.398	    45.4545
50483.727	    45.1807
50485.023	    46.2606
50486.305	    46.8384
50487.617	    45.7317
50488.953	    44.9102
50490.234	    46.8384
50491.516	    46.8384
50492.781	    47.3934
50493.992	    49.5458
50495.125	    52.9568
50496.305	    50.8475
50497.469	    51.5464
50498.633	    51.5464
50499.797	    51.5464
50500.977	    50.8475
50502.164	    50.5051
50503.367	    49.8753
50504.562	    50.2092
50505.742	    50.8475
50506.906	    51.5464
50508.047	    52.5854
50509.227	    50.8475
50510.398	    51.1945
50511.586	    50.5051
50512.812	    48.8998
50513.984	    51.1945
50515.211	    48.8998
50516.398	    50.5051
50517.484	    55.2486
50518.562	    55.6586
50519.734	    51.1945
50520.852	    53.7153
50521.953	    54.4465
50523.219	    47.3934
50524.516	    46.2606
50525.617	    54.4465
50526.664	    57.3066
50527.641	    61.4125
50528.602	    62.4350
50529.727	    53.3333
50531.070	    44.6429
50532.305	    48.6224
50533.641	    44.9102
50534.961	    45.4545
50536.188	    48.8998
50537.453	    47.3934
50538.750	    46.2606
50539.984	    48.6224
50541.305	    45.4545
50542.602	    46.2606
50543.828	    48.8998
50545.094	    47.3934
50546.352	    47.6948
50547.555	    49.8753
50548.781	    48.8998
50550.094	    45.7317
50551.367	    47.1328
50552.477	    54.1028
50553.461	    60.9756
50554.430	    61.9195
50555.469	    57.7478
50556.852	    43.3839
50558.242	    43.1344
50559.555	    45.7317
50560.914	    44.1501
50562.234	    45.4545
50563.531	    46.2606
50564.852	    45.4545
50566.180	    45.1807
50567.398	    49.2207
50568.430	    58.1959
50569.398	    61.9195
50570.336	    63.9659
50571.266	    64.5161
50572.211	    63.4921
50573.148	    63.9659
50574.117	    61.9195
50575.086	    61.9195
50576.031	    63.4921
50577.000	    61.9195
50578.086	    55.2486
50579.453	    43.8917
50580.844	    43.1344
50582.211	    43.8917
50583.523	    45.7317
50584.812	    46.5477
50586.086	    47.1328
50587.438	    44.3787
50588.797	    44.1501
50590.062	    47.3934
50591.383	    45.4545
50592.727	    44.6429
50593.977	    48.0000
50595.312	    44.9102
50596.656	    44.6429
50597.945	    46.5477
50599.234	    46.5477
50600.523	    46.5477
50601.797	    47.1328
50603.031	    48.6224
50604.289	    47.6948
50605.508	    49.2207
50606.734	    48.8998
50607.969	    48.6224
50609.211	    48.3092
50610.438	    48.8998
50611.656	    49.2207
50612.820	    51.5464
50613.891	    56.0748
50615.031	    52.5854
50616.234	    49.8753
50617.414	    50.8475
50618.633	    49.2207
50619.875	    48.3092
50620.984	    54.1028
50622.203	    49.2207
50623.477	    47.1328
50624.648	    51.1945
50625.781	    52.9568
50626.867	    55.2486
50627.805	    63.9659
50628.703	    66.8151
50629.578	    68.5714
50630.477	    66.8151
50631.398	    65.0759
50632.336	    63.9659
50633.258	    65.0759
50634.180	    65.0759
50635.078	    66.8151
50635.961	    67.9502
50636.828	    69.2042
50637.672	    71.0900
50638.516	    71.0900
50639.344	    72.4638
50640.180	    71.7703
50641.031	    70.4225
50641.875	    71.0900
50642.734	    69.8487
50643.672	    63.9659
50644.695	    58.6510
50645.820	    53.3333
50646.992	    51.1945
50648.398	    42.6743
50649.805	    42.6743
50651.070	    47.3934
50652.422	    44.3787
50653.797	    43.6364
50655.133	    44.9102
50656.453	    45.4545
50657.789	    44.9102
50659.102	    45.7317
50660.336	    48.6224
50661.641	    45.9770
50662.953	    45.7317
50664.211	    47.6948
50665.539	    45.1807
50666.875	    44.9102
50668.141	    47.3934
50669.445	    45.9770
50670.750	    45.9770
50671.984	    48.6224
50673.305	    45.4545
50674.578	    47.1328
50675.828	    48.0000
50677.133	    45.9770
50678.391	    47.6948
50679.633	    48.3092
50680.898	    47.3934
50682.164	    47.3934
50683.406	    48.3092
50684.703	    46.2606
50685.945	    48.3092
50687.211	    47.3934
50688.461	    48.0000
50689.656	    50.2092
50690.867	    49.5458
50692.141	    47.1328
50693.406	    47.3934
50694.625	    49.2207
50695.875	    48.0000
50697.070	    50.2092
50698.242	    51.1945
50699.477	    48.6224
50700.734	    47.6948
50701.984	    48.0000
50703.242	    47.6948
50704.500	    47.6948
50705.727	    48.8998
50706.977	    48.0000
50708.203	    48.8998
50709.375	    51.1945
50710.539	    51.5464
50711.742	    49.8753
50712.898	    51.9031
50714.125	    48.8998
50715.312	    50.5051
50716.414	    54.4465
50717.547	    52.9568
50718.695	    52.2648
50719.789	    54.8446
50720.906	    53.7153
50722.078	    51.1945
50723.227	    52.2648
50724.359	    52.9568
50725.523	    51.5464
50726.711	    50.5051
50727.844	    52.9568
50729.016	    51.1945
50730.180	    51.5464
50731.328	    52.2648
50732.500	    51.1945
50733.680	    50.8475
50734.812	    52.9568
50736.008	    50.2092
50737.164	    51.9031
50738.289	    53.3333
50739.422	    52.9568
50740.570	    52.2648
50741.680	    54.1028
50742.812	    52.9568
50743.969	    51.9031
50745.156	    50.5051
50746.359	    49.8753
50747.516	    51.9031
50748.680	    51.5464
50749.859	    50.8475
50750.961	    54.4465
50752.133	    51.1945
50753.297	    51.5464
50754.445	    52.2648
50755.633	    50.5051
50756.828	    50.2092
50758.000	    51.1945
50759.180	    50.8475
50760.328	    52.2648
50761.484	    51.9031
50762.641	    51.9031
50763.766	    53.3333
50764.867	    54.4465
50766.023	    51.9031
50767.195	    51.1945
50768.344	    52.2648
50769.516	    51.1945
50770.688	    51.1945
50771.859	    51.1945
50773.055	    50.2092
50774.211	    51.9031
50775.461	    48.0000
50776.672	    49.5458
50777.797	    53.3333
50778.961	    51.5464
50780.195	    48.6224
50781.414	    49.2207
50782.586	    51.1945
50783.742	    51.9031
50784.859	    53.7153
50785.953	    54.8446
50787.094	    52.5854
50788.211	    53.7153
50789.406	    50.2092
50790.609	    49.8753
50791.766	    51.9031
50792.977	    49.5458
50794.117	    52.5854
50795.281	    51.5464
50796.453	    51.1945
50797.578	    53.3333
50798.719	    52.5854
50799.852	    52.9568
50800.953	    54.4465
50802.031	    55.6586
50803.086	    56.8720
50804.031	    63.4921
50804.945	    65.6455
50805.891	    63.4921
50807.062	    51.1945
50808.172	    54.1028
50809.477	    45.9770
50810.727	    48.0000
50811.992	    47.3934
50813.320	    45.1807
50814.508	    50.5051
50815.750	    48.3092
50817.031	    46.8384
50818.242	    49.5458
50819.570	    45.1807
50820.883	    45.7317
50822.102	    49.2207
50823.367	    47.3934
50824.664	    46.2606
50825.914	    48.0000
50827.234	    45.4545
50828.492	    47.6948
50829.664	    51.1945
50830.867	    49.8753
50832.094	    48.8998
50833.258	    51.5464
50834.477	    49.2207
50835.719	    48.3092
50836.891	    51.1945
50838.133	    48.3092
50839.414	    46.8384
50840.641	    48.8998
50841.906	    47.3934
50843.117	    49.5458
50844.281	    51.5464
50845.484	    49.8753
50846.734	    48.0000
50847.984	    48.0000
50849.219	    48.6224
50850.523	    45.9770
50851.781	    47.6948
50852.984	    49.8753
50854.211	    48.8998
50855.406	    50.2092
50856.531	    53.3333
50857.695	    51.5464
50858.859	    51.5464
50859.969	    54.1028
50861.023	    56.8720
50862.031	    59.5238
50862.992	    62.4350
50863.906	    65.6455
50864.859	    62.9591
50866.016	    51.9031
50867.219	    49.8753
50868.445	    48.8998
50869.602	    51.9031
50870.867	    47.3934
50872.273	    42.6743
50873.609	    44.9102
50875.031	    42.1941
50876.391	    44.1501
50877.695	    45.9770
50879.039	    44.6429
50880.359	    45.4545
50881.648	    46.5477
50882.992	    44.6429
50884.281	    46.5477
50885.523	    48.3092
50886.781	    47.6948
50888.039	    47.6948
50889.281	    48.3092
50890.555	    47.1328
50891.820	    47.3934
50893.016	    50.2092
50894.258	    48.3092
50895.500	    48.3092
50896.719	    49.2207
50897.922	    49.8753
50898.953	    58.1959
50899.953	    60.0000
50901.219	    47.3934
50902.477	    47.6948
50903.859	    43.3839
50905.180	    45.4545
50906.453	    47.1328
50907.836	    43.3839
50909.156	    45.4545
50910.445	    46.5477
50911.734	    46.5477
50913.008	    47.1328
50914.344	    44.9102
50915.672	    45.1807
50916.914	    48.3092
50918.172	    47.6948
50919.438	    47.3934
50920.727	    46.5477
50922.023	    46.2606
50923.344	    45.4545
50924.617	    47.1328
50925.883	    47.3934
50927.164	    46.8384
50928.406	    48.3092
50929.648	    48.3092
50930.945	    46.2606
50932.266	    45.4545
50933.555	    46.5477
50934.805	    48.0000
50936.094	    46.5477
50937.367	    47.1328
50938.641	    47.1328
50939.953	    45.7317
50941.195	    48.3092
50942.297	    54.4465
50943.477	    50.8475
50944.742	    47.3934
50945.906	    51.5464
50947.234	    45.1807
50948.391	    51.9031
50949.688	    46.2606
50951.023	    44.9102
50952.242	    49.2207
50953.500	    47.6948
50954.789	    46.5477
50956.023	    48.6224
50957.336	    45.7317
50958.641	    45.9770
50959.914	    47.1328
50961.234	    45.4545
50962.523	    46.5477
50963.836	    45.7317
50965.086	    48.0000
50966.258	    51.1945
50967.328	    56.0748
50968.383	    56.8720
50969.547	    51.5464
50970.711	    51.5464
50971.906	    50.2092
50973.344	    41.7246
50974.531	    50.5051
50975.789	    47.6948
50977.000	    49.5458
50978.359	    44.1501
50979.797	    41.7246
50981.031	    48.6224
50982.273	    48.3092
50983.508	    48.6224
50984.758	    48.0000
50985.945	    50.5051
50987.141	    50.2092
50988.422	    46.8384
50989.672	    48.0000
50990.898	    48.8998
50992.133	    48.6224
50993.328	    50.2092
50994.445	    53.7153
50995.609	    51.5464
50996.594	    60.9756
50997.508	    65.6455
50998.430	    65.0759
50999.375	    63.4921
51000.297	    65.0759
51001.406	    54.1028
51002.609	    49.8753
51003.852	    48.3092
51005.242	    43.1344
51006.555	    45.7317
51007.836	    46.8384
51009.258	    42.1941
51010.594	    44.9102
51011.906	    45.7317
51013.281	    43.6364
51014.648	    43.8917
51015.945	    46.2606
51017.359	    42.4328
51018.766	    42.6743
51020.086	    45.4545
51021.406	    45.4545
51022.773	    43.8917
51024.094	    45.4545
51025.398	    45.9770
51026.703	    45.9770
51027.953	    48.0000
51029.188	    48.6224
51030.484	    46.2606
51031.773	    46.5477
51033.000	    48.8998
51034.289	    46.5477
51035.594	    45.9770
51036.867	    47.1328
51038.039	    51.1945
51039.180	    52.5854
51040.211	    58.1959
51041.289	    55.6586
51042.641	    44.3787
51044.008	    43.8917
51045.258	    48.0000
51046.555	    46.2606
51047.836	    46.8384
51049.047	    49.5458
51050.297	    48.0000
51051.562	    47.3934
51052.656	    54.8446
51053.648	    60.4839
51054.586	    63.9659
51055.492	    66.2252
51056.391	    66.8151
51057.312	    65.0759
51058.211	    66.8151
51059.102	    67.3401
51059.961	    69.8487
51060.836	    68.5714
51061.711	    68.5714
51062.625	    65.6455
51063.531	    66.2252
51064.461	    64.5161
51065.383	    65.0759
51066.375	    60.4839
51067.523	    52.2648
51068.883	    44.1501
51070.281	    42.9185
51071.703	    42.1941
51073.062	    44.1501
51074.367	    45.9770
51075.734	    43.8917
51077.016	    46.8384
51078.203	    50.5051
51079.562	    44.1501
51080.984	    42.1941
51082.242	    47.6948
51083.625	    43.3839
51084.977	    44.3787
51086.242	    47.3934
51087.594	    44.3787
51088.906	    45.7317
51090.102	    50.2092
51091.359	    47.6948
51092.617	    47.6948
51093.812	    50.2092
51095.102	    46.5477
51096.414	    45.7317
51097.617	    49.8753
51098.867	    48.0000
51100.125	    47.6948
51101.359	    48.6224
51102.586	    48.8998
51103.867	    46.8384
51105.125	    47.6948
51106.305	    50.8475
51107.570	    47.3934
51108.883	    45.7317
51110.109	    48.8998
51111.352	    48.3092
51112.617	    47.3934
51113.852	    48.6224
51114.977	    53.3333
51116.195	    49.2207
51117.453	    47.6948
51118.648	    50.2092
51119.883	    48.6224
51121.172	    46.5477
51122.398	    48.8998
51123.617	    49.2207
51124.906	    46.5477
51126.086	    50.8475
51127.266	    50.8475
51128.469	    49.8753
51129.664	    50.2092
51130.742	    55.6586
51131.797	    56.8720
51132.875	    55.6586
51134.039	    51.5464
51135.328	    46.5477
51136.617	    46.5477
51137.812	    50.2092
51139.086	    47.1328
51140.367	    46.8384
51141.586	    49.2207
51142.805	    49.2207
51143.992	    50.5051
51145.117	    53.3333
51146.320	    49.8753
51147.492	    51.1945
51148.555	    56.4972
51149.578	    58.6510
51150.617	    57.7478
51151.625	    59.5238
51152.609	    60.9756
51154.055	    41.5225
51155.477	    42.1941
51156.945	    40.8441
51158.383	    41.7246
51159.758	    43.6364
51161.188	    41.9580
51162.586	    42.9185
51163.898	    45.7317
51165.219	    45.4545
51166.578	    44.1501
51167.906	    45.1807
51169.281	    43.6364
51170.641	    44.1501
51171.930	    46.5477
51173.258	    45.1807
51174.570	    45.7317
51175.812	    48.3092
51177.086	    47.1328
51178.336	    48.0000
51179.516	    50.8475
51180.680	    51.5464
51181.930	    48.0000
51183.148	    49.2207
51184.367	    49.2207
51185.547	    50.8475
51186.734	    50.5051
51187.961	    48.8998
51189.195	    48.6224
51190.430	    48.6224
51191.680	    48.0000
51193.016	    44.9102
51194.297	    46.8384
51195.609	    45.7317
51196.930	    45.4545
51198.211	    46.8384
51199.508	    46.2606
51200.812	    45.9770
51202.047	    48.6224
51203.289	    48.3092
51204.508	    49.2207
51205.719	    49.5458
51206.977	    47.6948
51208.172	    50.2092
51209.328	    51.9031
51210.547	    49.2207
51211.766	    49.2207
51213.055	    46.5477
51214.352	    46.2606
51215.617	    47.3934
51216.906	    46.5477
51218.133	    48.8998
51219.359	    48.8998
51220.555	    50.2092
51221.688	    52.9568
51222.812	    53.3333
51223.914	    54.4465
51225.062	    52.2648
51226.227	    51.5464
51227.422	    50.2092
51228.703	    46.8384
51229.961	    47.6948
51231.195	    48.6224
51232.477	    46.8384
51233.734	    47.6948
51235.016	    46.8384
51236.312	    46.2606
51237.531	    49.2207
51238.703	    51.1945
51239.859	    51.9031
51241.039	    50.8475
51242.211	    51.1945
51243.391	    50.8475
51244.648	    47.6948
51245.867	    49.2207
51247.055	    50.5051
51248.258	    49.8753
51249.445	    50.5051
51250.586	    52.5854
51251.805	    49.2207
51253.000	    50.2092
51254.172	    51.1945
51255.430	    47.6948
51256.664	    48.6224
51257.898	    48.6224
51259.156	    47.6948
51260.336	    50.8475
51261.484	    52.2648
51262.617	    52.9568
51263.742	    53.3333
51264.984	    48.3092
51266.195	    49.5458
51267.430	    48.6224
51268.641	    49.5458
51269.883	    48.3092
51271.188	    45.9770
51272.453	    47.3934
51273.758	    45.9770
51275.078	    45.4545
51276.328	    48.0000
51277.609	    46.8384
51278.891	    46.8384
51280.094	    49.8753
51281.273	    50.8475
51282.469	    50.2092
51283.641	    51.1945
51284.844	    49.8753
51286.055	    49.5458
51287.273	    49.2207
51288.547	    47.1328
51289.742	    50.2092
51290.922	    50.8475
51292.125	    49.8753
51293.266	    52.5854
51294.352	    55.2486
51295.453	    54.4465
51296.539	    55.2486
51297.625	    55.2486
51298.688	    56.4972
51299.758	    56.0748
51300.859	    54.4465
51301.984	    53.3333
51303.164	    50.8475
51304.328	    51.5464
51305.484	    51.9031
51306.602	    53.7153
51307.766	    51.5464
51308.938	    51.1945
51310.102	    51.5464
51311.312	    49.5458
51312.523	    49.5458
51313.703	    50.8475
51314.984	    46.8384
51316.234	    48.0000
51317.438	    49.8753
51318.648	    49.5458
51319.828	    50.8475
51321.016	    50.5051
51322.250	    48.6224
51323.453	    49.8753
51324.656	    49.8753
51325.859	    49.8753
51327.008	    52.2648
51328.211	    49.8753
51329.406	    50.2092
51330.555	    52.2648
51331.797	    48.3092
51333.016	    49.2207
51334.203	    50.5051
51335.422	    49.2207
51336.633	    49.5458
51337.773	    52.5854
51338.961	    50.5051
51340.094	    52.9568
51341.172	    55.6586
51342.219	    57.3066
51343.328	    54.1028
51344.453	    53.3333
51345.578	    53.3333
51346.828	    48.0000
51348.031	    49.8753
51349.219	    50.5051
51350.469	    48.0000
51351.656	    50.5051
51352.859	    49.8753
51354.039	    50.8475
51355.289	    48.0000
51356.508	    49.2207
51357.664	    51.9031
51358.867	    49.8753
51360.078	    49.5458
51361.250	    51.1945
51362.453	    49.8753
51363.656	    49.8753
51364.812	    51.9031
51365.977	    51.5464
51367.133	    51.9031
51368.273	    52.5854
51369.508	    48.6224
51370.734	    48.8998
51371.953	    49.2207
51373.180	    48.8998
51374.328	    52.2648
51375.523	    50.2092
51376.703	    50.8475
51377.867	    51.5464
51379.086	    49.2207
51380.250	    51.5464
51381.336	    55.2486
51382.469	    52.9568
51383.641	    51.1945
51384.742	    54.4465
51385.898	    51.9031
51387.039	    52.5854
51388.148	    54.1028
51389.336	    50.5051
51390.500	    51.5464
51391.594	    54.8446
51392.703	    54.1028
51393.875	    51.1945
51395.008	    52.9568
51396.156	    52.2648
51397.383	    48.8998
51398.594	    49.5458
51399.750	    51.9031
51400.914	    51.5464
51401.961	    57.3066
51403.016	    56.8720
51404.211	    50.2092
51405.453	    48.3092
51406.633	    50.8475
51407.883	    48.0000
51409.109	    48.8998
51410.227	    53.7153
51411.414	    50.5051
51412.570	    51.9031
51413.711	    52.5854
51414.898	    50.5051
51416.102	    49.8753
51417.281	    50.8475
51418.477	    50.2092
51419.609	    52.9568
51420.766	    51.9031
51421.938	    51.1945
51423.133	    50.2092
51424.375	    48.3092
51425.562	    50.5051
51426.781	    49.2207
51427.992	    49.5458
51429.117	    53.3333
51430.289	    51.1945
51431.523	    48.6224
51432.703	    50.8475
51433.945	    48.3092
51435.195	    48.0000
51436.375	    50.8475
51437.570	    50.2092
51438.781	    49.5458
51439.953	    51.1945
51441.141	    50.5051
51442.375	    48.6224
51443.562	    50.5051
51444.773	    49.5458
51446.070	    46.2606
51447.328	    47.6948
51448.633	    45.9770
51449.898	    47.3934
51451.102	    49.8753
51452.281	    50.8475
51453.406	    53.3333
51454.539	    52.9568
51455.703	    51.5464
51456.844	    52.5854
51458.039	    50.2092
51459.258	    49.2207
51460.406	    52.2648
51461.625	    49.2207
51462.836	    49.5458
51463.992	    51.9031
51465.117	    53.3333
51466.266	    52.2648
51467.367	    54.4465
51468.469	    54.4465
51469.609	    52.5854
51470.688	    55.6586
51471.758	    56.0748
51472.883	    53.3333
51473.977	    54.8446
51475.156	    50.8475
51476.320	    51.5464
51477.438	    53.7153
51478.602	    51.5464
51479.742	    52.5854
51480.852	    54.1028
51482.008	    51.9031
51483.148	    52.5854
51484.289	    52.5854
51485.477	    50.5051
51486.641	    51.5464
51487.812	    51.1945
51489.031	    49.2207
51490.219	    50.5051
51491.398	    50.8475
51492.602	    49.8753
51493.781	    50.8475
51494.898	    53.7153
51496.047	    52.2648
51497.156	    54.1028
51498.258	    54.4465
51499.312	    56.8720
51500.336	    58.6510
51501.328	    60.4839
51502.359	    58.1959
51503.492	    52.9568
51504.602	    54.1028
51505.719	    53.7153
51506.930	    49.5458
51508.062	    52.9568
51509.242	    50.8475
51510.469	    48.8998
51511.648	    50.8475
51512.812	    51.5464
51514.000	    50.5051
51515.172	    51.1945
51516.328	    51.9031
51517.531	    49.8753
51518.727	    50.2092
51519.906	    50.8475
51521.188	    46.8384
51522.438	    48.0000
51523.633	    50.2092
51524.906	    47.1328
51526.172	    47.3934
51527.352	    50.8475
51528.539	    50.5051
51529.703	    51.5464
51530.844	    52.5854
51532.047	    49.8753
51533.289	    48.3092
51534.453	    51.5464
51535.672	    49.2207
51536.914	    48.3092
51538.109	    50.2092
51539.328	    49.2207
51540.523	    50.2092
51541.664	    52.5854
51542.789	    53.3333
51543.969	    50.8475
51545.125	    51.9031
51546.320	    50.2092
51547.547	    48.8998
51548.711	    51.5464
51549.945	    48.6224
51551.133	    50.5051
51552.336	    49.8753
51553.484	    52.2648
51554.594	    54.1028
51555.680	    55.2486
51556.742	    56.4972
51557.836	    54.8446
51558.875	    57.7478
51559.930	    56.8720
51560.969	    57.7478
51562.008	    57.7478
51563.070	    56.4972
51564.094	    58.6510
51565.234	    52.5854
51566.398	    51.5464
51567.477	    55.6586
51568.625	    52.2648
51569.695	    56.0748
51570.805	    54.1028
51571.961	    51.9031
51573.062	    54.4465
51574.203	    52.5854
51575.406	    49.8753
51576.492	    55.2486
51577.570	    55.6586
51578.805	    48.6224
51579.945	    52.5854
51581.109	    51.5464
51582.375	    47.3934
51583.602	    48.8998
51584.805	    49.8753
51586.016	    49.5458
51587.195	    50.8475
51588.305	    54.1028
51589.477	    51.1945
51590.641	    51.5464
51591.781	    52.5854
51592.969	    50.5051
51594.148	    50.8475
51595.297	    52.2648
51596.484	    50.5051
51597.664	    50.8475
51598.828	    51.5464
51600.016	    50.5051
51601.227	    49.5458
51602.383	    51.9031
51603.586	    49.8753
51604.766	    50.8475
51605.781	    59.0551
51606.734	    62.9591
51607.812	    55.6586
51609.008	    50.2092
51610.367	    44.1501
51611.750	    43.3839
51613.008	    47.6948
51614.336	    45.1807
51615.578	    48.3092
51616.680	    54.4465
51617.656	    61.4125
51618.594	    63.9659
51619.484	    67.3401
51620.375	    67.3401
51621.312	    63.9659
51622.320	    59.5238
51623.312	    60.4839
51624.273	    62.4350
51625.234	    62.4350
51626.227	    60.4839
51627.211	    60.9756
51628.164	    62.9591
51629.078	    65.6455
51629.984	    66.2252
51630.859	    68.5714
51631.781	    65.0759
51632.656	    68.5714
51633.609	    62.9591
51634.648	    57.7478
51635.727	    55.6586
51636.758	    58.1959
51637.781	    58.6510
51638.844	    56.4972
51640.023	    50.8475
51641.336	    45.7317
51642.594	    47.6948
51643.898	    45.9770
51645.164	    47.3934
51646.438	    47.1328
51647.734	    46.2606
51649.117	    43.3839
51650.430	    45.7317
51651.750	    45.4545
51653.133	    43.3839
51654.500	    43.8917
51655.828	    45.1807
51657.102	    47.1328
51658.414	    45.7317
51659.750	    44.9102
51661.016	    47.3934
51662.320	    45.9770
51663.656	    44.9102
51664.945	    46.5477
51666.227	    46.8384
51667.602	    43.6364
51668.961	    44.1501
51670.234	    47.1328
51671.594	    44.1501
51672.984	    43.1344
51674.281	    46.2606
51675.539	    47.6948
51676.898	    44.1501
51678.281	    43.3839
51679.633	    44.3787
51680.961	    45.1807
51682.312	    44.3787
51683.641	    45.1807
51684.875	    48.6224
51686.164	    46.5477
51687.469	    45.9770
51688.727	    47.6948
51690.023	    46.2606
51691.320	    46.2606
51692.523	    49.8753
51693.703	    50.8475
51694.922	    49.2207
51696.141	    49.2207
51697.367	    48.8998
51698.648	    46.8384
51699.938	    46.5477
51701.172	    48.6224
51702.477	    45.9770
51703.734	    47.6948
51704.945	    49.5458
51706.141	    50.2092
51707.383	    48.3092
51708.625	    48.3092
51709.766	    52.5854
51711.016	    48.0000
51712.297	    46.8384
51713.500	    49.8753
51714.703	    49.8753
51716.023	    45.4545
51717.281	    47.6948
51718.500	    49.2207
51719.703	    49.8753
51720.953	    48.0000
51722.203	    48.0000
51723.430	    48.8998
51724.727	    46.2606
51726.023	    46.2606
51727.305	    46.8384
51728.555	    48.0000
51729.828	    47.1328
51731.094	    47.3934
51732.258	    51.5464
51733.398	    52.5854
51734.531	    52.9568
51735.719	    50.5051
51736.914	    50.2092
51738.133	    49.2207
51739.336	    49.8753
51740.617	    46.8384
51741.852	    48.6224
51743.078	    48.8998
51744.359	    46.8384
51745.617	    47.6948
51746.844	    48.8998
51748.109	    47.3934
51749.312	    49.8753
51750.492	    50.8475
51751.703	    49.5458
51752.883	    50.8475
51754.062	    50.8475
51755.305	    48.3092
51756.516	    49.5458
51757.742	    48.8998
51758.953	    49.5458
51760.117	    51.5464
51761.336	    49.2207
51762.516	    50.8475
51763.750	    48.6224
51765.008	    47.6948
51766.219	    49.5458
51767.352	    52.9568
51768.586	    48.6224
51769.781	    50.2092
51770.875	    54.8446
51772.000	    53.3333
51773.188	    50.5051
51774.250	    56.4972
51775.320	    56.0748
51776.430	    54.1028
51777.562	    52.9568
51778.594	    58.1959
51779.734	    52.5854
51780.953	    49.2207
51782.125	    51.1945
51783.250	    53.3333
51784.430	    50.8475
51785.578	    52.2648
51786.758	    50.8475
51787.953	    50.2092
51789.109	    51.9031
51790.242	    52.9568
51791.477	    48.6224
51792.789	    45.7317
51794.055	    47.3934
51795.312	    47.6948
51796.586	    47.1328
51797.812	    48.8998
51799.094	    46.8384
51800.367	    47.1328
51801.648	    46.8384
51802.859	    49.5458
51804.148	    46.5477
51805.391	    48.3092
51806.570	    50.8475
51807.750	    50.8475
51808.992	    48.3092
51810.172	    50.8475
51811.305	    52.9568
51812.477	    51.1945
51813.656	    50.8475
51814.766	    54.1028
51815.867	    54.4465
51816.953	    55.2486
51818.016	    56.4972
51819.086	    56.0748
51820.180	    54.8446
51821.359	    50.8475
51822.555	    50.2092
51823.625	    56.0748
51824.688	    56.4972
51825.758	    56.0748
51826.758	    60.0000
51827.727	    61.9195
51828.648	    65.0759
51829.539	    67.3401
51830.469	    64.5161
51831.492	    58.6510
51832.555	    56.4972
51833.523	    61.9195
51834.469	    63.4921
51835.406	    63.9659
51836.289	    67.9502
51837.164	    68.5714
51838.164	    60.0000
51839.531	    43.8917
51840.875	    44.6429
51842.219	    44.6429
51843.594	    43.6364
51844.852	    47.6948
51846.156	    45.9770
51847.492	    44.9102
51848.750	    47.6948
51850.094	    44.6429
51851.445	    44.3787
51852.820	    43.6364
51854.180	    44.1501
51855.555	    43.6364
51856.891	    44.9102
51858.125	    48.6224
51859.391	    47.3934
51860.602	    49.5458
51861.875	    47.1328
51863.102	    48.8998
51864.250	    52.2648
51865.289	    57.7478
51866.227	    63.9659
51867.133	    66.2252
51868.016	    67.9502
51868.875	    69.8487
51869.758	    67.9502
51870.758	    60.0000
51871.797	    57.7478
51872.773	    61.4125
51873.758	    60.9756
51874.719	    62.4350
51875.633	    65.6455
51876.531	    66.8151
51877.500	    61.9195
51878.617	    53.7153
51880.008	    43.1344
51881.242	    48.6224
51882.562	    45.4545
51883.875	    45.7317
51885.141	    47.3934
51886.414	    47.1328
51887.719	    45.9770
51889.039	    45.4545
51890.312	    47.1328
51891.633	    45.4545
51892.953	    45.4545
51894.219	    47.3934
51895.547	    45.1807
51896.828	    46.8384
51898.070	    48.3092
51899.391	    45.4545
51900.688	    46.2606
51901.945	    47.6948
51903.258	    45.7317
51904.562	    45.9770
51905.836	    47.1328
51907.094	    47.6948
51908.398	    45.9770
51909.734	    44.9102
51911.031	    46.2606
51912.328	    46.2606
51913.656	    45.1807
51914.969	    45.7317
51916.273	    45.9770
51917.625	    44.3787
51918.906	    46.8384
51920.047	    52.5854
51921.297	    48.0000
51922.570	    47.1328
51923.750	    50.8475
51925.078	    45.1807
51926.398	    45.4545
51927.664	    47.3934
51928.883	    49.2207
51930.133	    48.0000
51931.359	    48.8998
51932.492	    52.9568
51933.539	    57.3066
51934.484	    63.4921
51935.375	    67.3401
51936.219	    71.0900
51937.047	    72.4638
51937.883	    71.7703
51938.758	    68.5714
51939.633	    68.5714
51940.484	    70.4225
51941.391	    66.2252
51942.805	    42.4328
51944.172	    43.8917
51945.445	    47.1328
51946.773	    45.1807
51948.094	    45.4545
51949.359	    47.3934
51950.570	    49.5458
51951.828	    47.6948
51953.070	    48.3092
51954.320	    48.0000
51955.477	    51.9031
51956.695	    49.2207
51957.969	    47.1328
51959.117	    52.2648
51960.297	    50.8475
51961.531	    48.6224
51962.758	    48.8998
51963.938	    50.8475
51965.141	    49.8753
51966.367	    48.8998
51967.484	    53.7153
51968.648	    51.5464
51969.836	    50.5051
51971.078	    48.3092
51972.203	    53.3333
51973.406	    49.8753
51974.617	    49.5458
51975.844	    48.8998
51977.125	    46.8384
51978.344	    49.2207
51979.547	    49.8753
51980.773	    48.8998
51982.016	    48.3092
51983.172	    51.9031
51984.383	    49.5458
51985.617	    48.6224
51986.758	    52.5854
51987.938	    50.8475
51989.094	    51.9031
51990.258	    51.5464
51991.297	    57.7478
51992.320	    58.6510
51993.352	    58.1959
51994.547	    50.2092
51995.820	    47.1328
51997.125	    45.9770
51998.484	    44.1501
51999.766	    46.8384
52000.992	    48.8998
52002.258	    47.3934
52003.508	    48.0000
52004.719	    49.5458
52005.961	    48.3092
52007.211	    48.0000
52008.398	    50.5051
52009.516	    53.7153
52010.641	    53.3333
52011.836	    50.2092
52012.984	    52.2648
52014.234	    48.0000
52015.531	    46.2606
52016.805	    47.1328
52018.039	    48.6224
52019.297	    47.6948
52020.523	    48.8998
52021.703	    50.8475
52022.930	    48.8998
52024.148	    49.2207
52025.312	    51.5464
52026.547	    48.6224
52027.758	    49.5458
52028.969	    49.5458
52030.180	    49.5458
52031.391	    49.5458
52032.609	    49.2207
52033.805	    50.2092
52035.039	    48.6224
52036.258	    49.2207
52037.562	    45.9770
52038.852	    46.5477
52040.039	    50.5051
52041.258	    49.2207
52042.500	    48.3092
52043.602	    54.4465
52044.836	    48.6224
52046.133	    46.2606
52047.383	    48.0000
52048.609	    48.8998
52049.883	    47.1328
52051.070	    50.5051
52052.234	    51.5464
52053.445	    49.5458
52054.664	    49.2207
52055.742	    55.6586
52056.867	    53.3333
52058.086	    49.2207
52059.266	    50.8475
52060.461	    50.2092
52061.711	    48.0000
52062.961	    48.0000
52064.109	    52.2648
52065.305	    50.2092
52066.578	    47.1328
52067.828	    48.0000
52069.062	    48.6224
52070.305	    48.3092
52071.586	    46.8384
52072.867	    46.8384
52074.094	    48.8998
52075.320	    48.8998
52076.570	    48.0000
52077.812	    48.3092
52079.039	    48.8998
52080.281	    48.3092
52081.562	    46.8384
52082.836	    47.1328
52083.984	    52.2648
52085.234	    48.0000
52086.484	    48.0000
52087.734	    48.0000
52089.055	    45.4545
52090.359	    45.9770
52091.625	    47.3934
52092.820	    50.2092
52094.039	    49.2207
52095.164	    53.3333
52096.164	    60.0000
52097.094	    64.5161
52098.172	    55.6586
52099.703	    39.1901
52101.125	    42.1941
52102.586	    41.0678
52103.992	    42.6743
52105.352	    44.1501
52106.766	    42.4328
52108.164	    42.9185
52109.461	    46.2606
52110.836	    43.6364
52112.203	    43.8917
52113.562	    44.1501
52114.852	    46.5477
52116.242	    43.1344
52117.594	    44.3787
52118.852	    47.6948
52120.188	    44.9102
52121.523	    44.9102
52122.805	    46.8384
52124.148	    44.6429
52125.469	    45.4545
52126.750	    46.8384
52128.055	    45.9770
52129.383	    45.1807
52130.672	    46.5477
52131.914	    48.3092
52133.195	    46.8384
52134.469	    47.1328
52135.727	    47.6948
52137.016	    46.5477
52138.289	    47.1328
52139.531	    48.3092
52140.820	    46.5477
52142.133	    45.7317
52143.383	    48.0000
52144.648	    47.3934
52145.938	    46.5477
52147.211	    47.1328
52148.414	    49.8753
52149.633	    49.2207
52150.875	    48.3092
52152.070	    50.2092
52153.289	    49.2207
52154.602	    45.7317
52155.836	    48.6224
52157.102	    47.3934
52158.445	    44.6429
52159.703	    47.6948
52160.852	    52.2648
52162.094	    48.3092
52163.422	    45.1807
52164.672	    48.0000
52165.992	    45.4545
52167.320	    45.1807
52168.539	    49.2207
52169.820	    46.8384
52171.102	    46.8384
52172.352	    48.0000
52173.523	    51.1945
52174.742	    49.2207
52175.875	    52.9568
52176.844	    61.9195
52177.727	    67.9502
52178.570	    71.0900
52179.445	    68.5714
52180.414	    61.9195
52181.422	    59.5238
52182.422	    60.0000
52183.383	    62.4350
52184.328	    63.4921
52185.242	    65.6455
52186.125	    67.9502
52186.984	    69.8487
52187.828	    71.0900
52188.656	    72.4638
52189.461	    74.5342
52190.258	    75.2823
52191.062	    74.5342
52191.922	    69.8487
52192.883	    62.4350
52193.883	    60.0000
52194.852	    61.9195
52195.953	    54.4465
52197.227	    47.1328
52198.578	    44.3787
52199.852	    47.1328
52201.211	    44.1501
52202.586	    43.6364
52203.875	    46.5477
52205.258	    43.3839
52206.625	    43.8917
52207.883	    47.6948
52209.305	    42.1941
52210.727	    42.1941
52212.078	    44.3787
52213.414	    44.9102
52214.883	    40.8441
52216.258	    43.6364
52217.562	    45.9770
52218.969	    42.6743
52220.375	    42.6743
52221.656	    46.8384
52222.922	    47.3934
52224.297	    43.6364
52225.664	    43.8917
52226.953	    46.5477
52228.336	    43.3839
52229.766	    41.9580
52231.094	    45.1807
52232.359	    47.3934
52233.648	    46.5477
52234.898	    48.0000
52236.133	    48.6224
52237.398	    47.3934
52238.695	    46.2606
52239.969	    47.1328
52241.352	    43.3839
52242.617	    47.3934
52243.867	    48.0000
52245.234	    43.8917
52246.508	    47.1328
52247.844	    44.9102
52249.125	    46.8384
52250.359	    48.6224
52251.664	    45.9770
52252.984	    45.4545
52254.406	    42.1941
52255.867	    41.0678
52257.234	    43.8917
52258.602	    43.8917
52259.992	    43.1344
52261.383	    43.1344
52262.688	    45.9770
52264.070	    43.3839
52265.430	    44.1501
52266.727	    46.2606
52268.055	    45.1807
52269.422	    43.8917
52270.750	    45.1807
52272.031	    46.8384
52273.383	    44.3787
52274.695	    45.7317
52275.961	    47.3934
52277.273	    45.7317
52278.531	    47.6948
52279.727	    50.2092
52281.031	    45.9770
52282.344	    45.7317
52283.625	    46.8384
52285.016	    43.1344
52286.352	    44.9102
52287.602	    48.0000
52288.766	    51.5464
52289.844	    55.6586
52290.828	    60.9756
52291.766	    63.9659
52292.734	    61.9195
52293.781	    57.3066
52294.820	    57.7478
52295.836	    59.0551
52296.812	    61.4125
52297.891	    55.6586
52299.188	    46.2606
52300.594	    42.6743
52301.906	    45.7317
52303.305	    42.9185
52304.688	    43.3839
52306.000	    45.7317
52307.414	    42.4328
52308.797	    43.3839
52310.078	    46.8384
52311.461	    43.3839
52312.859	    42.9185
52314.164	    45.9770
52315.562	    42.9185
52316.938	    43.6364
52318.219	    46.8384
52319.594	    43.6364
52320.977	    43.3839
52322.305	    45.1807
52323.570	    47.3934
52324.914	    44.6429
52326.242	    45.1807
52327.484	    48.3092
52328.828	    44.6429
52330.164	    44.9102
52331.469	    45.9770
52332.789	    45.4545
52334.125	    44.9102
52335.406	    46.8384
52336.609	    49.8753
52337.836	    48.8998
52339.117	    46.8384
52340.359	    48.3092
52341.633	    47.1328
52342.922	    46.5477
52344.188	    47.3934
52345.430	    48.3092
52346.719	    46.5477
52348.039	    45.4545
52349.305	    47.3934
52350.617	    45.7317
52351.953	    44.9102
52353.242	    46.5477
52354.508	    47.3934
52355.789	    46.8384
52357.031	    48.3092
52358.234	    49.8753
52359.484	    48.0000
52360.750	    47.3934
52361.961	    49.5458
52363.133	    51.1945
52364.383	    48.0000
52365.695	    45.7317
52366.984	    46.5477
52368.242	    47.6948
52369.617	    43.6364
52370.984	    43.8917
52372.258	    47.1328
52373.570	    45.7317
52374.828	    47.6948
52376.039	    49.5458
52377.312	    47.1328
52378.641	    45.1807
52379.820	    50.8475
52381.023	    49.8753
52382.500	    40.6229
52383.891	    43.1344
52385.305	    42.4328
52386.789	    40.4313
52388.203	    42.4328
52389.594	    43.1344
52391.000	    42.6743
52392.398	    42.9185
52393.742	    44.6429
52395.164	    42.1941
52396.500	    44.9102
52397.773	    47.1328
52399.062	    46.5477
52400.406	    44.6429
52401.742	    44.9102
52403.086	    44.6429
52404.430	    44.6429
52405.766	    44.9102
52407.086	    45.4545
52408.453	    43.8917
52409.805	    44.3787
52411.125	    45.4545
52412.422	    46.2606
52413.773	    44.3787
52415.078	    45.9770
52416.352	    47.1328
52417.695	    44.6429
52419.070	    43.6364
52420.375	    45.9770
52421.719	    44.6429
52423.031	    45.7317
52424.305	    47.1328
52425.617	    45.7317
52426.953	    44.9102
52428.297	    44.6429
52429.695	    42.9185
52431.047	    44.3787
52432.352	    45.9770
52433.688	    44.9102
52435.000	    45.7317
52436.242	    48.3092
52437.570	    45.1807
52438.891	    45.4545
52440.148	    47.6948
52441.492	    44.6429
52442.836	    44.6429
52444.109	    47.1328
52445.477	    43.8917
52446.844	    43.8917
52448.125	    46.8384
52449.438	    45.7317
52450.797	    44.1501
52452.102	    45.9770
52453.312	    49.5458
52454.586	    47.1328
52455.875	    46.5477
52457.070	    50.2092
52458.297	    48.8998
52459.648	    44.3787
52460.891	    48.3092
52462.062	    51.1945
52463.250	    50.5051
52464.344	    54.8446
52465.438	    54.8446
52466.648	    49.5458
52467.797	    52.2648
52469.070	    47.1328
52470.422	    44.3787
52471.680	    47.6948
52473.062	    43.3839
52474.445	    43.3839
52475.734	    46.5477
52477.102	    43.8917
52478.484	    43.3839
52479.781	    46.2606
52481.148	    43.8917
52482.539	    43.1344
52483.883	    44.6429
52485.188	    45.9770
52486.547	    44.1501
52487.883	    44.9102
52489.234	    44.3787
52490.523	    46.5477
52491.898	    43.6364
52493.281	    43.3839
52494.617	    44.9102
52495.898	    46.8384
52497.250	    44.3787
52498.578	    45.1807
52499.820	    48.3092
52501.164	    44.6429
52502.469	    45.9770
52503.727	    47.6948
52505.055	    45.1807
52506.422	    43.8917
52507.727	    45.9770
52508.992	    47.3934
52510.305	    45.7317
52511.648	    44.6429
52512.883	    48.6224
52514.180	    46.2606
52515.500	    45.4545
52516.719	    49.2207
52518.016	    46.2606
52519.305	    46.5477
52520.492	    50.5051
52521.758	    47.3934
52523.016	    47.6948
52524.211	    50.2092
52525.484	    47.1328
52526.766	    46.8384
52527.961	    50.2092
52529.242	    46.8384
52530.617	    43.6364
52531.922	    45.9770
52533.242	    45.4545
52534.570	    45.1807
52535.914	    44.6429
52537.242	    45.1807
52538.664	    42.1941
52540.102	    41.7246
52541.469	    43.8917
52542.914	    41.5225
52544.344	    41.9580
52545.719	    43.6364
52547.023	    45.9770
52548.453	    41.9580
52549.875	    42.1941
52551.188	    45.7317
52552.594	    42.6743
52553.992	    42.9185
52555.336	    44.6429
52556.688	    44.3787
52558.070	    43.3839
52559.453	    43.3839
52560.742	    46.5477
52562.070	    45.1807
52563.398	    45.1807
52564.695	    46.2606
52565.977	    46.8384
52567.336	    44.1501
52568.734	    42.9185
52569.992	    47.6948
52571.250	    47.6948
52572.555	    45.9770
52573.867	    45.7317
52575.125	    47.6948
52576.508	    43.3839
52577.867	    44.1501
52579.125	    47.6948
52580.430	    45.9770
52581.742	    45.7317
52583.070	    45.1807
52584.383	    45.7317
52585.641	    47.6948
52587.016	    43.6364
52588.406	    43.1344
52589.727	    45.4545
52591.117	    43.1344
52592.531	    42.4328
52593.828	    46.2606
52595.180	    44.3787
52596.516	    44.9102
52597.859	    44.6429
52599.172	    45.7317
52600.430	    47.6948
52601.828	    42.9185
52603.242	    42.4328
52604.461	    49.2207
52605.773	    45.7317
52607.211	    41.7246
52608.500	    46.5477
52609.727	    48.8998
52611.086	    44.1501
52612.250	    51.5464
52613.328	    55.6586
52614.406	    55.6586
52615.500	    54.8446
52616.492	    60.4839
52617.430	    63.9659
52618.523	    54.8446
52619.867	    44.6429
52621.109	    48.3092
52622.406	    46.2606
52623.805	    42.9185
52625.227	    42.1941
52626.594	    43.8917
52628.062	    40.8441
52629.508	    41.5225
52630.891	    43.3839
52632.344	    41.2939
52633.688	    44.6429
52635.055	    43.8917
52636.477	    42.1941
52637.914	    41.7246
52639.242	    45.1807
52640.633	    43.1344
52642.039	    42.6743
52643.391	    44.3787
52644.711	    45.4545
52646.180	    40.8441
52647.648	    40.8441
52649.102	    41.2939
52650.562	    41.0678
52651.977	    42.4328
52653.398	    42.1941
52654.797	    42.9185
52656.242	    41.5225
52657.688	    41.5225
52659.062	    43.6364
52660.508	    41.5225
52661.953	    41.5225
52663.305	    44.3787
52664.680	    43.6364
52666.062	    43.3839
52667.422	    44.1501
52668.812	    43.1344
52670.180	    43.8917
52671.516	    44.9102
52672.891	    43.6364
52674.273	    43.3839
52675.641	    43.8917
52677.031	    43.1344
52678.469	    41.7246
52679.859	    43.1344
52681.234	    43.6364
52682.648	    42.4328
52684.008	    44.1501
52685.336	    45.1807
52686.734	    42.9185
52688.094	    44.1501
52689.367	    47.1328
52690.719	    44.3787
52692.078	    44.1501
52693.391	    45.7317
52694.797	    42.6743
52696.188	    43.1344
52697.508	    45.4545
52698.953	    41.5225
52700.344	    43.1344
52701.641	    46.2606
52702.977	    44.9102
52704.359	    43.3839
52705.656	    46.2606
52707.055	    42.9185
52708.477	    42.1941
52709.820	    44.6429
52711.250	    41.9580
52712.633	    43.3839
52713.938	    45.9770
52715.297	    44.1501
52716.625	    45.1807
52717.891	    47.3934
52719.172	    46.8384
52720.492	    45.4545
52721.789	    46.2606
52723.164	    43.6364
52724.531	    43.8917
52725.852	    45.4545
52727.227	    43.6364
52728.602	    43.6364
52729.922	    45.4545
52731.297	    43.6364
52732.664	    43.8917
52733.945	    46.8384
52735.312	    43.8917
52736.641	    45.1807
52737.906	    47.3934
52739.266	    44.1501
52740.641	    43.6364
52741.945	    45.9770
52743.297	    44.3787
52744.688	    43.1344
52746.031	    44.6429
52747.305	    47.1328
52748.656	    44.3787
52749.953	    46.2606
52751.266	    45.7317
52752.648	    43.3839
52753.938	    46.5477
52755.320	    43.3839
52756.695	    43.6364
52758.023	    45.1807
52759.438	    42.4328
52760.656	    49.2207
52761.883	    48.8998
52763.203	    45.4545
52764.453	    48.0000
52765.922	    40.8441
52767.414	    40.2145
52768.805	    43.1344
52770.344	    38.9864
52771.906	    38.4123
52773.141	    48.6224
52774.469	    45.1807
52775.883	    42.4328
52777.367	    40.4313
52778.914	    38.7847
52780.445	    39.1901
52782.016	    38.2166
52783.578	    38.4123
52785.109	    39.1901
52786.633	    39.3959
52788.117	    40.4313
52789.562	    41.5225
52791.000	    41.7246
52792.438	    41.7246
52793.812	    43.6364
52795.180	    43.8917
52796.602	    42.1941
52797.977	    43.6364
52799.297	    45.4545
52800.664	    43.8917
52802.023	    44.1501
52803.391	    43.8917
52804.805	    42.4328
52806.195	    43.1344
52807.477	    46.8384
52808.852	    43.6364
52810.219	    43.8917
52811.492	    47.1328
52812.891	    42.9185
52814.273	    43.3839
52815.555	    46.8384
52816.891	    44.9102
52818.297	    42.6743
52819.609	    45.7317
52820.961	    44.3787
52822.383	    42.1941
52823.742	    44.1501
52825.078	    44.9102
52826.477	    42.9185
52827.789	    45.7317
52829.078	    46.5477
52830.438	    44.1501
52831.695	    47.6948
52832.961	    47.3934
52834.234	    47.1328
52835.461	    48.8998
52836.664	    49.8753
52837.953	    46.5477
52839.258	    45.9770
52840.602	    44.6429
52841.961	    44.1501
52843.320	    44.1501
52844.680	    44.1501
52846.094	    42.4328
52847.406	    45.7317
52848.789	    43.3839
52850.164	    43.6364
52851.469	    45.9770
52852.805	    44.9102
52854.141	    44.9102
52855.539	    42.9185
52856.898	    44.1501
52858.227	    45.1807
52859.625	    42.9185
52861.016	    43.1344
52862.375	    44.1501
52863.789	    42.4328
52865.148	    44.1501
52866.477	    45.1807
52867.875	    42.9185
52869.227	    44.3787
52870.547	    45.4545
52871.898	    44.3787
52873.242	    44.6429
52874.547	    45.9770
52875.867	    45.4545
52877.164	    46.2606
52878.508	    44.6429
52879.836	    45.1807
52881.242	    42.6743
52882.602	    44.1501
52883.945	    44.6429
52885.328	    43.3839
52886.695	    43.8917
52887.977	    46.8384
52889.367	    43.1344
52890.766	    42.9185
52892.094	    45.1807
52893.500	    42.6743
52894.883	    43.3839
52896.172	    46.5477
52897.578	    42.6743
52898.938	    44.1501
52900.125	    50.5051
52901.383	    47.6948
52902.688	    45.9770
52903.961	    47.1328
52905.492	    39.1901
52907.000	    39.7878
52908.398	    42.9185
52909.930	    39.1901
52911.375	    41.5225
52912.836	    41.0678
52914.281	    41.5225
52915.625	    44.6429
52917.078	    41.2939
52918.492	    42.4328
52919.828	    44.9102
52921.227	    42.9185
52922.602	    43.6364
52923.938	    44.9102
52925.273	    44.9102
52926.617	    44.6429
52927.906	    46.5477
52929.289	    43.3839
52930.648	    44.1501
52931.953	    45.9770
52933.289	    44.9102
52934.625	    44.9102
52935.969	    44.6429
52937.414	    41.5225
52938.812	    42.9185
52940.156	    44.6429
52941.570	    42.4328
52942.945	    43.6364
52944.391	    41.5225
52945.781	    43.1344
52947.109	    45.1807
52948.531	    42.1941
52949.945	    42.4328
52951.289	    44.6429
52952.703	    42.4328
52954.117	    42.4328
52955.477	    44.1501
52956.852	    43.6364
52958.219	    43.8917
52959.586	    43.8917
52960.953	    43.8917
52962.258	    45.9770
52963.492	    48.6224
52964.805	    45.7317
52966.156	    44.3787
52967.492	    44.9102
52968.914	    42.1941
52970.320	    42.6743
52971.695	    43.6364
52973.195	    40.0000
52974.602	    42.6743
52976.023	    42.1941
52977.492	    40.8441
52978.883	    43.1344
52980.281	    42.9185
52981.680	    42.9185
52983.000	    45.4545
52984.297	    46.2606
52985.672	    43.6364
52987.016	    44.6429
52988.383	    43.8917
52989.758	    43.6364
52991.047	    46.5477
52992.391	    44.6429
52993.789	    42.9185
52995.117	    45.1807
52996.453	    44.9102
52997.797	    44.6429
52999.094	    46.2606
53000.453	    44.1501
53001.844	    43.1344
53003.203	    44.1501
53004.609	    42.6743
53006.023	    42.4328
53007.336	    45.7317
53008.711	    43.6364
53010.086	    43.6364
53011.414	    45.1807
53012.781	    43.8917
53014.148	    43.8917
53015.445	    46.2606
53016.766	    45.4545
53018.125	    44.1501
53019.414	    46.5477
53020.789	    43.6364
53022.125	    44.9102
53023.391	    47.3934
53024.773	    43.3839
53026.180	    42.6743
53027.484	    45.9770
53028.906	    42.1941
53030.305	    42.9185
53031.625	    45.4545
53033.008	    43.3839
53034.383	    43.6364
53035.664	    46.8384
53037.023	    44.1501
53038.391	    43.8917
53039.672	    46.8384
53041.039	    43.8917
53042.375	    44.9102
53043.633	    47.6948
53044.984	    44.3787
53046.305	    45.4545
53047.602	    46.2606
53048.930	    45.1807
53050.273	    44.6429
53051.578	    45.9770
53052.945	    43.8917
53054.281	    44.9102
53055.578	    46.2606
53056.945	    43.8917
53058.273	    45.1807
53059.570	    46.2606
53060.961	    43.1344
53062.336	    43.6364
53063.672	    44.9102
53065.086	    42.4328
53066.484	    42.9185
53067.820	    44.9102
53069.242	    42.1941
53070.648	    42.6743
53071.992	    44.6429
53073.367	    43.6364
53074.734	    43.8917
53076.039	    45.9770
53077.422	    43.3839
53078.773	    44.3787
53080.031	    47.6948
53081.375	    44.6429
53082.719	    44.6429
53083.953	    48.6224
53085.188	    48.6224
53086.453	    47.3934
53087.648	    50.2092
53088.930	    46.8384
53090.203	    47.1328
53091.398	    50.2092
53092.695	    46.2606
53093.992	    46.2606
53095.273	    46.8384
53096.711	    41.7246
53098.125	    42.4328
53099.477	    44.3787
53100.891	    42.4328
53102.289	    42.9185
53103.617	    45.1807
53104.992	    43.6364
53106.344	    44.3787
53107.609	    47.3934
53108.961	    44.3787
53110.281	    45.4545
53111.562	    46.8384
53112.914	    44.3787
53114.242	    45.1807
53115.570	    45.1807
53116.953	    43.3839
53118.297	    44.6429
53119.570	    47.1328
53120.891	    45.4545
53122.234	    44.6429
53123.500	    47.3934
53124.867	    43.8917
53126.242	    43.6364
53127.578	    44.9102
53128.969	    43.1344
53130.344	    43.6364
53131.695	    44.3787
53133.078	    43.3839
53134.406	    45.1807
53135.750	    44.6429
53137.125	    43.6364
53138.445	    45.4545
53139.828	    43.3839
53141.211	    43.3839
53142.523	    45.7317
53143.828	    45.9770
53145.172	    44.6429
53146.508	    44.9102
53147.859	    44.3787
53149.250	    43.1344
53150.602	    44.3787
53151.898	    46.2606
53153.281	    43.3839
53154.633	    44.3787
53155.930	    46.2606
53157.305	    43.6364
53158.648	    44.6429
53159.969	    45.4545
53161.336	    43.8917
53162.664	    45.1807
53163.992	    45.1807
53165.383	    43.1344
53166.727	    44.6429
53168.000	    47.1328
53169.367	    43.8917
53170.688	    45.4545
53171.945	    47.6948
53173.320	    43.6364
53174.695	    43.6364
53176.094	    42.9185
53177.547	    41.2939
53178.875	    45.1807
53180.297	    42.1941
53181.758	    41.0678
53183.156	    42.9185
53184.578	    42.1941
53186.000	    42.1941
53187.352	    44.3787
53188.750	    42.9185
53190.203	    41.2939
53191.539	    44.9102
53192.898	    44.1501
53194.305	    42.6743
53195.664	    44.1501
53197.086	    42.1941
53198.445	    44.1501
53199.859	    42.4328
53201.234	    43.6364
53202.555	    45.4545
53203.992	    41.7246
53205.367	    43.6364
53206.711	    44.6429
53208.102	    43.1344
53209.484	    43.3839
53210.820	    44.9102
53212.234	    42.4328
53213.617	    43.3839
53214.938	    45.4545
53216.312	    43.6364
53217.633	    45.4545
53218.922	    46.5477
53220.273	    44.3787
53221.609	    44.9102
53222.914	    45.9770
53224.273	    44.1501
53225.594	    45.4545
53226.859	    47.3934
53228.195	    44.9102
53229.539	    44.6429
53230.805	    47.3934
53232.148	    44.6429
53233.531	    43.3839
53234.836	    45.9770
53236.188	    44.3787
53237.484	    46.2606
53238.688	    49.8753
53239.938	    48.0000
53241.391	    41.2939
53242.742	    44.3787
53244.305	    38.4123
53245.836	    39.1901
53247.375	    38.9864
53248.969	    37.6412
53250.359	    43.1344
53251.844	    40.4313
53253.352	    39.7878
53254.773	    42.1941
53256.250	    40.6229
53257.703	    41.2939
53259.094	    43.1344
53260.547	    41.2939
53262.008	    41.0678
53263.398	    43.1344
53264.867	    40.8441
53266.273	    42.6743
53267.648	    43.6364
53269.008	    44.1501
53270.312	    45.9770
53271.695	    43.3839
53273.102	    42.6743
53274.453	    44.3787
53275.820	    43.8917
53277.203	    43.3839
53278.547	    44.6429
53279.891	    44.6429
53281.258	    43.8917
53282.625	    43.8917
53283.961	    44.9102
53285.422	    41.0678
53286.805	    43.3839
53288.156	    44.3787
53289.570	    42.4328
53290.906	    44.9102
53292.297	    43.1344
53293.695	    42.9185
53294.977	    46.8384
53296.305	    45.1807
53297.656	    44.3787
53298.945	    46.5477
53300.297	    44.3787
53301.672	    43.6364
53302.969	    46.2606
53304.273	    45.9770
53305.648	    43.6364
53306.961	    45.7317
53308.305	    44.6429
53309.688	    43.3839
53311.008	    45.4545
53312.352	    44.6429
53313.719	    43.8917
53315.047	    45.1807
53316.516	    40.8441
53317.922	    42.6743
53319.281	    44.1501
53320.633	    44.3787
53321.984	    44.3787
53323.289	    45.9770
53324.602	    45.7317
53325.898	    46.2606
53327.141	    48.3092
53328.461	    45.4545
53329.750	    46.5477
53331.195	    41.5225
53332.664	    40.8441
53334.031	    43.8917
53335.461	    41.9580
53336.828	    43.8917
53338.172	    44.6429
53339.586	    42.4328
53340.977	    43.1344
53342.297	    45.4545
53343.695	    42.9185
53345.070	    43.6364
53346.375	    45.9770
53347.781	    42.6743
53349.188	    42.6743
53350.500	    45.7317
53351.898	    42.9185
53353.258	    44.1501
53354.586	    45.1807
53355.961	    43.6364
53357.281	    45.4545
53358.672	    43.1344
53360.094	    42.1941
53361.438	    44.6429
53362.805	    43.8917
53364.211	    42.6743
53365.547	    44.9102
53366.867	    45.4545
53368.250	    43.3839
53369.656	    42.6743
53370.922	    47.3934
53372.289	    43.8917
53373.648	    44.1501
53374.906	    47.6948
53376.211	    45.9770
53377.562	    44.3787
53378.891	    45.1807
53380.281	    43.1344
53381.617	    44.9102
53383.016	    42.9185
53384.414	    42.9185
53385.719	    45.9770
53387.117	    42.9185
53388.508	    43.1344
53389.812	    45.9770
53391.211	    42.9185
53392.570	    44.1501
53393.945	    43.6364
53395.359	    42.4328
53396.719	    44.1501
53398.109	    43.1344
53399.500	    43.1344
53400.805	    45.9770
53402.133	    45.1807
53403.508	    43.6364
53404.828	    45.4545
53406.164	    44.9102
53407.547	    43.3839
53408.844	    46.2606
53410.117	    47.1328
53411.453	    44.9102
53412.773	    45.4545
53414.070	    46.2606
53415.477	    42.6743
53416.797	    45.4545
53418.141	    44.6429
53419.461	    45.4545
53420.727	    47.3934
53422.000	    47.1328
53423.328	    45.1807
53424.641	    45.7317
53425.945	    45.9770
53427.328	    43.3839
53428.672	    44.6429
53430.000	    45.1807
53431.406	    42.6743
53432.766	    44.1501
53434.086	    45.4545
53435.453	    43.8917
53436.797	    44.6429
53438.062	    47.3934
53439.414	    44.3787
53440.742	    45.1807
53442.078	    44.9102
53443.523	    41.5225
53444.898	    43.6364
53446.336	    41.7246
53447.781	    41.5225
53449.133	    44.3787
53450.555	    42.1941
53451.938	    43.3839
53453.258	    45.4545
53454.672	    42.4328
53456.055	    43.3839
53457.391	    44.9102
53458.742	    44.3787
53460.117	    43.6364
53461.359	    48.3092
53462.648	    46.5477
53463.961	    45.7317
53465.188	    48.8998
53466.531	    44.6429
53467.914	    43.3839
53469.203	    46.5477
53470.594	    43.1344
53471.984	    43.1344
53473.305	    45.4545
53474.703	    42.9185
53476.070	    43.8917
53477.500	    41.9580
53478.922	    42.1941
53480.250	    45.1807
53481.641	    43.1344
53483.047	    42.6743
53484.391	    44.6429
53485.820	    41.9580
53487.195	    43.6364
53488.500	    45.9770
53489.891	    43.1344
53491.234	    44.6429
53492.586	    44.3787
53493.977	    43.1344
53495.297	    45.4545
53496.656	    44.1501
53498.047	    43.1344
53499.406	    44.1501
53500.750	    44.6429
53502.148	    42.9185
53503.492	    44.6429
53504.859	    43.8917
53506.219	    44.1501
53507.523	    45.9770
53508.922	    42.9185
53510.289	    43.8917
53511.625	    44.9102
53513.023	    42.9185
53514.320	    46.2606
53515.625	    45.9770
53516.906	    46.8384
53518.062	    51.9031
53519.320	    47.6948
53520.734	    42.4328
53522.070	    44.9102
53523.570	    40.0000
53525.055	    40.4313
53526.438	    43.3839
53527.898	    41.0678
53529.320	    42.1941
53530.812	    40.2145
53532.242	    41.9580
53533.625	    43.3839
53535.055	    41.9580
53536.422	    43.8917
53537.758	    44.9102
53539.219	    41.0678
53540.555	    44.9102
53541.906	    44.3787
53543.305	    42.9185
53544.633	    45.1807
53545.945	    45.7317
53547.312	    43.8917
53548.641	    45.1807
53549.953	    45.7317
53551.312	    44.1501
53552.648	    44.9102
53554.031	    43.3839
53555.484	    41.2939
53556.859	    43.6364
53558.188	    45.1807
53559.617	    41.9580
53561.008	    43.1344
53562.430	    42.1941
53563.867	    41.7246
53565.234	    43.8917
53566.633	    42.9185
53568.047	    42.4328
53569.391	    44.6429
53570.828	    41.7246
53572.195	    43.8917
53573.508	    45.7317
53574.922	    42.4328
53576.289	    43.8917
53577.633	    44.6429
53579.023	    43.1344
53580.383	    44.1501
53581.688	    45.9770
53583.070	    43.3839
53584.438	    43.8917
53585.734	    46.2606
53587.117	    43.3839
53588.492	    43.6364
53589.812	    45.4545
53591.219	    42.6743
53592.578	    44.1501
53593.906	    45.1807
53595.297	    43.1344
53596.680	    43.3839
53597.992	    45.7317
53599.367	    43.6364
53600.734	    43.8917
53602.031	    46.2606
53603.352	    45.4545
53604.680	    45.1807
53605.945	    47.3934
53607.312	    43.8917
53608.641	    45.1807
53610.023	    43.3839
53611.508	    40.4313
53612.930	    42.1941
53614.312	    43.3839
53615.734	    42.1941
53617.109	    43.6364
53618.461	    44.3787
53619.828	    43.8917
53621.125	    46.2606
53622.484	    44.1501
53623.875	    43.1344
53625.180	    45.9770
53626.445	    47.3934
53627.758	    45.7317
53629.047	    46.5477
53630.344	    46.2606
53631.750	    42.6743
53633.070	    45.4545
53634.453	    43.3839
53635.898	    41.5225
53637.250	    44.3787
53638.594	    44.6429
53639.945	    44.3787
53641.195	    48.0000
53642.531	    44.9102
53643.898	    43.8917
53645.227	    45.1807
53646.672	    41.5225
53648.133	    41.0678
53649.531	    42.9185
53651.031	    40.0000
53652.461	    41.9580
53653.797	    44.9102
53655.211	    42.4328
53656.555	    44.6429
53657.875	    45.4545
53659.250	    43.6364
53660.531	    46.8384
53661.844	    45.7317
53663.242	    42.9185
53664.586	    44.6429
53665.953	    43.8917
53667.398	    41.5225
53668.781	    43.3839
53670.125	    44.6429
53671.539	    42.4328
53672.922	    43.3839
53674.227	    45.9770
53675.633	    42.6743
53677.008	    43.6364
53678.320	    45.7317
53679.688	    43.8917
53681.031	    44.6429
53682.336	    45.9770
53683.688	    44.3787
53685.039	    44.3787
53686.297	    47.6948
53687.641	    44.6429
53688.945	    45.9770
53690.188	    48.3092
53691.500	    45.7317
53692.797	    46.2606
53694.008	    49.5458
53695.281	    47.1328
53696.523	    48.3092
53697.711	    50.5051
53698.930	    49.2207
53700.242	    45.7317
53701.484	    48.3092
53702.828	    44.6429
53704.188	    44.1501
53705.500	    45.7317
53706.859	    44.1501
53708.211	    44.3787
53709.469	    47.6948
53710.812	    44.6429
53712.188	    43.6364
53713.477	    46.5477
53714.836	    44.1501
53716.211	    43.6364
53717.531	    45.4545
53718.883	    44.3787
53720.273	    43.1344
53721.617	    44.6429
53723.000	    43.3839
53724.422	    42.1941
53725.750	    45.1807
53727.156	    42.6743
53728.594	    41.7246
53729.953	    44.1501
53731.398	    41.5225
53732.805	    42.6743
53734.125	    45.4545
53735.547	    42.1941
53736.930	    43.3839
53738.242	    45.7317
53739.625	    43.3839
53740.977	    44.3787
53742.289	    45.7317
53743.648	    44.1501
53745.000	    44.3787
53746.266	    47.3934
53747.594	    45.1807
53748.891	    46.2606
53750.117	    48.8998
53751.422	    45.9770
53752.758	    44.9102
53754.000	    48.3092
53755.312	    45.7317
53756.617	    45.9770
53757.859	    48.3092
53759.164	    45.9770
53760.414	    48.0000
53761.805	    43.1344
53763.305	    40.0000
53764.742	    41.7246
53766.133	    43.1344
53767.688	    38.5852
53769.141	    41.2939
53770.594	    41.2939
53772.023	    41.9580
53773.375	    44.3787
53774.797	    42.1941
53776.172	    43.6364
53777.484	    45.7317
53778.867	    43.3839
53780.242	    43.6364
53781.562	    45.4545
53782.953	    43.1344
53784.305	    44.3787
53785.641	    44.9102
53787.031	    43.1344
53788.352	    45.4545
53789.633	    46.8384
53791.023	    43.1344
53792.367	    44.6429
53793.664	    46.2606
53795.016	    44.3787
53796.336	    45.4545
53797.594	    47.6948
53798.992	    42.9185
53800.352	    44.1501
53801.664	    45.7317
53803.031	    43.8917
53804.359	    45.1807
53805.773	    42.4328
53807.180	    42.6743
53808.523	    44.6429
53809.938	    42.4328
53811.367	    41.9580
53812.727	    44.1501
53814.125	    42.9185
53815.547	    42.1941
53816.859	    45.7317
53818.242	    43.3839
53819.625	    43.3839
53820.945	    45.4545
53822.367	    42.1941
53823.781	    42.4328
53825.125	    44.6429
53826.539	    42.4328
53827.930	    43.1344
53829.258	    45.1807
53830.641	    43.3839
53831.930	    46.5477
53833.266	    44.9102
53834.656	    43.1344
53835.953	    46.2606
53837.297	    44.6429
53838.641	    44.6429
53839.930	    46.5477
53841.211	    46.8384
53842.523	    45.7317
53843.781	    47.6948
53845.141	    44.1501
53846.523	    43.3839
53847.844	    45.4545
53849.234	    43.1344
53850.609	    43.6364
53851.906	    46.2606
53853.281	    43.6364
53854.641	    44.1501
53855.922	    46.8384
53857.273	    44.3787
53858.656	    43.3839
53859.992	    44.9102
53861.406	    42.4328
53862.703	    46.2606
53864.070	    43.8917
53865.492	    42.1941
53866.828	    44.9102
53868.234	    42.6743
53869.617	    43.3839
53870.938	    45.4545
53872.359	    42.1941
53873.742	    43.3839
53875.016	    47.1328
53876.359	    44.6429
53877.742	    43.3839
53879.039	    46.2606
53880.414	    43.6364
53881.789	    43.6364
53883.062	    47.1328
53884.422	    44.1501
53885.758	    44.9102
53887.008	    48.0000
53888.344	    44.9102
53889.656	    45.7317
53890.906	    48.0000
53892.234	    45.1807
53893.602	    43.8917
53894.938	    44.9102
53896.344	    42.6743
53897.711	    43.8917
53899.117	    42.6743
53900.531	    42.4328
53901.859	    45.1807
53903.219	    44.1501
53904.578	    44.1501
53905.883	    45.9770
53907.227	    44.6429
53908.562	    44.9102
53909.828	    47.3934
53911.188	    44.1501
53912.570	    43.3839
53913.828	    47.6948
53915.188	    44.1501
53916.578	    43.1344
53917.859	    46.8384
53919.219	    44.1501
53920.609	    43.1344
53921.906	    46.2606
53923.281	    43.6364
53924.633	    44.3787
53925.914	    46.8384
53927.266	    44.3787
53928.625	    44.1501
53929.992	    43.8917
53931.336	    44.6429
53932.609	    47.1328
53933.953	    44.6429
53935.297	    44.6429
53936.539	    48.3092
53937.867	    45.1807
53939.266	    42.9185
53940.578	    45.7317
53941.938	    44.1501
53943.344	    42.6743
53944.664	    45.4545
53946.055	    43.1344
53947.391	    44.9102
53948.727	    44.9102
53950.125	    42.9185
53951.469	    44.6429
53952.797	    45.1807
53954.156	    44.1501
53955.445	    46.5477
53956.805	    44.1501
53958.164	    44.1501
53959.430	    47.3934
53960.734	    45.9770
53962.031	    46.2606
53963.266	    48.6224
53964.508	    48.3092
53965.930	    42.1941
53967.289	    44.1501
53968.570	    46.8384
53969.945	    43.6364
53971.312	    43.8917
53972.578	    47.3934
53973.930	    44.3787
53975.289	    44.1501
53976.578	    46.5477
53977.953	    43.6364
53979.336	    43.3839
53980.617	    46.8384
53982.008	    43.1344
53983.375	    43.8917
53984.680	    45.9770
53986.047	    43.8917
53987.422	    43.6364
53988.742	    45.4545
53990.148	    42.6743
53991.594	    41.5225
53992.922	    45.1807
53994.328	    42.6743
53995.758	    41.9580
53997.070	    45.7317
53998.438	    43.8917
53999.797	    44.1501
54001.086	    46.5477
54002.484	    42.9185
54003.859	    43.6364
54005.188	    45.1807
54006.602	    42.4328
54007.969	    43.8917
54009.266	    46.2606
54010.656	    43.1344
54012.023	    43.8917
54013.281	    47.6948
54014.641	    44.1501
54015.984	    44.6429
54017.289	    45.9770
54018.648	    44.1501
54019.992	    44.6429
54021.266	    47.1328
54022.656	    43.1344
54024.031	    43.6364
54025.375	    44.6429
54026.773	    42.9185
54028.117	    44.6429
54029.516	    42.9185
54030.922	    42.6743
54032.258	    44.9102
54033.617	    44.1501
54035.094	    40.6229
54036.469	    43.6364
54037.836	    43.8917
54039.234	    42.9185
54040.602	    43.8917
54041.906	    45.9770
54043.289	    43.3839
54044.625	    44.9102
54045.938	    45.7317
54047.336	    42.9185
54048.703	    43.8917
54049.992	    46.5477
54051.336	    44.6429
54052.703	    43.8917
54054.023	    45.4545
54055.430	    42.6743
54056.789	    44.1501
54058.102	    45.7317
54059.484	    43.3839
54060.852	    43.8917
54062.195	    44.6429
54063.594	    42.9185
54064.938	    44.6429
54066.250	    45.7317
54067.656	    42.6743
54069.000	    44.6429
54070.242	    48.3092
54071.578	    44.9102
54072.836	    47.6948
54074.109	    47.1328
54075.453	    44.6429
54076.742	    46.5477
54078.117	    43.6364
54079.484	    43.8917
54080.789	    45.9770
54082.180	    43.1344
54083.562	    43.3839
54084.898	    44.9102
54086.305	    42.6743
54087.641	    44.9102
54088.945	    45.9770
54090.312	    43.8917
54091.703	    43.1344
54093.070	    43.8917
54094.445	    43.6364
54095.742	    46.2606
54097.031	    46.5477
54098.406	    43.6364
54099.703	    46.2606
54101.070	    43.8917
54102.453	    43.3839
54103.758	    45.9770
54105.172	    42.4328
54106.594	    42.1941
54107.969	    43.6364
54109.391	    42.1941
54110.734	    44.6429
54112.086	    44.3787
54113.484	    42.9185
54114.828	    44.6429
54116.133	    45.9770
54117.516	    43.3839
54118.898	    43.3839
54120.195	    46.2606
54121.539	    44.6429
54122.922	    43.3839
54124.172	    48.0000
54125.539	    43.8917
54126.938	    42.9185
54128.266	    45.1807
54129.680	    42.4328
54131.094	    42.4328
54132.422	    45.1807
54133.805	    43.3839
54135.195	    43.1344
54136.492	    46.2606
54137.859	    43.8917
54139.203	    44.6429
54140.555	    44.3787
54141.930	    43.6364
54143.289	    44.1501
54144.578	    46.5477
54145.961	    43.3839
54147.273	    45.7317
54148.539	    47.3934
54149.789	    48.0000
54150.930	    52.5854
54152.094	    51.5464
54153.461	    43.8917
54154.812	    44.3787
54156.203	    43.1344
54157.727	    39.3959
54159.219	    40.2145
54160.688	    40.8441
54162.164	    40.6229
54163.562	    42.9185
54165.047	    40.4313
54166.453	    42.6743
54167.820	    43.8917
54169.273	    41.2939
54170.672	    42.9185
54171.992	    45.4545
54173.406	    42.4328
54174.789	    43.3839
54176.141	    44.3787
54177.617	    40.6229
54179.023	    42.6743
54180.383	    44.1501
54181.805	    42.1941
54183.172	    43.8917
54184.469	    46.2606
54185.828	    44.1501
54187.211	    43.3839
54188.500	    46.5477
54189.875	    43.6364
54191.180	    45.9770
54192.531	    44.3787
54193.914	    43.3839
54195.203	    46.5477
54196.547	    44.6429
54197.922	    43.6364
54199.195	    47.1328
54200.586	    43.1344
54202.000	    42.4328
54203.383	    43.3839
54204.812	    41.9580
54206.203	    43.1344
54207.617	    42.4328
54209.000	    43.3839
54210.359	    44.1501
54211.781	    42.1941
54213.156	    43.6364
54214.484	    45.1807
54215.906	    42.1941
54217.312	    42.6743
54218.617	    45.9770
54220.016	    42.9185
54221.406	    43.1344
54222.719	    45.7317
54224.078	    44.1501
54225.438	    44.1501
54226.750	    45.7317
54228.125	    43.6364
54229.430	    45.9770
54230.773	    44.6429
54232.156	    43.3839
54233.516	    44.1501
54234.859	    44.6429
54236.219	    44.1501
54237.539	    45.4545
54238.891	    44.3787
54240.273	    43.3839
54241.570	    46.2606
54243.008	    41.7246
54244.461	    41.2939
54245.781	    45.4545
54247.195	    42.4328
54248.586	    43.1344
54249.922	    44.9102
54251.297	    43.6364
54252.602	    45.9770
54253.930	    45.1807
54255.312	    43.3839
54256.625	    45.7317
54257.938	    45.7317
54259.352	    42.4328
54260.695	    44.6429
54262.047	    44.3787
54263.438	    43.1344
54264.750	    45.7317
54266.141	    43.1344
54267.539	    42.9185
54268.852	    45.7317
54270.273	    42.1941
54271.664	    43.1344
54272.961	    46.2606
54274.383	    42.1941
54275.750	    43.8917
54277.039	    46.5477
54278.359	    45.4545
54279.727	    43.8917
54281.023	    46.2606
54282.422	    42.9185
54283.852	    41.9580
54285.203	    44.3787
54286.641	    41.7246
54288.008	    43.8917
54289.367	    44.1501
54290.781	    42.4328
54292.188	    42.6743
54293.578	    43.1344
54295.000	    42.1941
54296.359	    44.1501
54297.711	    44.3787
54299.148	    41.7246
54300.500	    44.3787
54301.891	    43.1344
54303.297	    42.6743
54304.688	    43.1344
54306.055	    43.8917
54307.469	    42.4328
54308.836	    43.8917
54310.250	    42.4328
54311.664	    42.4328
54313.016	    44.3787
54314.414	    42.9185
54315.812	    42.9185
54317.109	    46.2606
54318.461	    44.3787
54319.797	    44.9102
54321.102	    45.9770
54322.438	    44.9102
54323.758	    45.4545
54325.125	    43.8917
54326.523	    42.9185
54327.859	    44.9102
54329.242	    43.3839
54330.625	    43.3839
54331.953	    45.1807
54333.352	    42.9185
54334.797	    41.5225
54336.180	    43.3839
54337.609	    41.9580
54338.984	    43.6364
54340.344	    44.1501
54341.766	    42.1941
54343.102	    44.9102
54344.469	    43.8917
54345.867	    42.9185
54347.148	    46.8384
54348.500	    44.3787
54349.891	    43.1344
54351.188	    46.2606
54352.609	    42.1941
54354.000	    43.1344
54355.422	    42.1941
54356.875	    41.2939
54358.242	    43.8917
54359.617	    43.6364
54361.039	    42.1941
54362.414	    43.6364
54363.750	    44.9102
54365.125	    43.6364
54366.477	    44.3787
54367.773	    46.2606
54369.141	    43.8917
54370.438	    46.2606
54371.750	    45.7317
54373.102	    44.3787
54374.391	    46.5477
54375.672	    46.8384
54377.047	    43.6364
54378.422	    43.6364
54379.781	    44.1501
54381.180	    42.9185
54382.555	    43.6364
54383.969	    42.4328
54385.297	    45.1807
54386.531	    48.6224
54387.867	    44.9102
54389.117	    48.0000
54390.461	    44.6429
54391.836	    43.6364
54393.102	    47.3934
54394.469	    43.8917
54395.875	    42.6743
54397.219	    44.6429
54398.516	    46.2606
54399.844	    45.1807
54401.156	    45.7317
54402.492	    44.9102
54403.828	    44.9102
54405.148	    45.4545
54406.531	    43.3839
54407.992	    41.0678
54409.391	    42.9185
54410.859	    40.8441
54412.266	    42.6743
54413.648	    43.3839
54415.070	    42.1941
54416.438	    43.8917
54417.812	    43.6364
54419.219	    42.6743
54420.531	    45.7317
54421.914	    43.3839
54423.297	    43.3839
54424.594	    46.2606
54425.938	    44.6429
54427.266	    45.1807
54428.539	    47.1328
54429.891	    44.3787
54431.211	    45.4545
54432.523	    45.7317
54433.789	    47.3934
54435.062	    47.1328
54436.328	    47.3934
54437.680	    44.3787
54439.039	    44.1501
54440.312	    47.1328
54441.625	    45.7317
54442.922	    46.2606
54444.180	    47.6948
54445.547	    43.8917
54446.906	    44.1501
54448.156	    48.0000
54449.484	    45.1807
54450.805	    45.4545
54452.078	    47.1328
54453.477	    42.9185
54454.891	    42.4328
54456.219	    45.1807
54457.609	    43.1344
54458.969	    44.1501
54460.250	    46.8384
54461.633	    43.3839
54463.016	    43.3839
54464.312	    46.2606
54465.688	    43.6364
54467.039	    44.3787
54468.445	    42.6743
54469.867	    42.1941
54471.203	    44.9102
54472.633	    41.9580
54474.039	    42.6743
54475.406	    43.8917
54476.789	    43.3839
54478.094	    45.9770
54479.414	    45.4545
54480.789	    43.6364
54482.086	    46.2606
54483.469	    43.3839
54484.836	    43.8917
54486.117	    46.8384
54487.461	    44.6429
54488.812	    44.3787
54490.086	    47.1328
54491.453	    43.8917
54492.805	    44.3787
54494.164	    44.1501
54495.547	    43.3839
54496.836	    46.5477
54498.180	    44.6429
54499.523	    44.6429
54500.805	    46.8384
54502.188	    43.3839
54503.555	    43.8917
54504.844	    46.5477
54506.180	    44.9102
54507.461	    46.8384
54508.703	    48.3092
54510.016	    45.7317
54511.305	    46.5477
54512.633	    45.1807
54514.008	    43.6364
54515.320	    45.7317
54516.695	    43.6364
54518.102	    42.6743
54519.406	    45.9770
54520.836	    41.9580
54522.250	    42.4328
54523.617	    43.8917
54525.047	    41.9580
54526.453	    42.6743
54527.781	    45.1807
54529.180	    42.9185
54530.547	    43.8917
54531.812	    47.3934
54533.156	    44.6429
54534.500	    44.6429
54535.820	    45.4545
54537.297	    40.6229
54538.750	    41.2939
54540.148	    42.9185
54541.609	    41.0678
54542.992	    43.3839
54544.367	    43.6364
54545.797	    41.9580
54547.117	    45.4545
54548.523	    42.6743
54549.922	    42.9185
54551.219	    46.2606
54552.609	    43.1344
54553.977	    43.8917
54555.328	    44.3787
54556.703	    43.6364
54558.078	    43.6364
54559.359	    46.8384
54560.734	    43.6364
54562.086	    44.3787
54563.375	    46.5477
54564.797	    42.1941
54566.195	    42.9185
54567.500	    45.9770
54568.875	    43.6364
54570.250	    43.6364
54571.539	    46.5477
54572.922	    43.3839
54574.320	    42.9185
54575.727	    42.6743
54577.133	    42.6743
54578.477	    44.6429
54579.906	    41.9580
54581.344	    41.7246
54582.680	    44.9102
54584.094	    42.4328
54585.453	    44.1501
54586.789	    44.9102
54588.227	    41.7246
54589.625	    42.9185
54590.977	    44.3787
54592.391	    42.4328
54593.734	    44.6429
54594.945	    49.5458
54596.094	    52.2648
54597.203	    54.1028
54598.312	    54.1028
54599.531	    49.2207
54600.648	    53.7153
54601.961	    45.7317
54603.273	    45.7317
54604.555	    46.8384
54605.898	    44.6429
54607.367	    40.8441
54608.750	    43.3839
54610.172	    42.1941
54611.547	    43.6364
54613.008	    41.0678
54614.398	    43.1344
54615.758	    44.1501
54617.195	    41.7246
54618.594	    42.9185
54620.000	    42.6743
54621.445	    41.5225
54622.773	    45.1807
54624.125	    44.3787
54625.570	    41.5225
54626.945	    43.6364
54628.344	    42.9185
54629.781	    41.7246
54631.141	    44.1501
54632.469	    45.1807
54633.883	    42.4328
54635.250	    43.8917
54636.578	    45.1807
54637.961	    43.3839
54639.328	    43.8917
54640.648	    45.4545
54642.062	    42.4328
54643.430	    43.8917
54644.773	    44.6429
54646.156	    43.3839
54647.461	    45.9770
54648.805	    44.6429
54650.180	    43.6364
54651.500	    45.4545
54652.914	    42.4328
54654.305	    43.1344
54655.602	    46.2606
54657.000	    42.9185
54658.336	    44.9102
54659.656	    45.4545
54661.086	    41.9580
54662.414	    45.1807
54663.805	    43.1344
54665.211	    42.6743
54666.586	    43.6364
54668.016	    41.9580
54669.359	    44.6429
54670.766	    42.6743
54672.094	    45.1807
54673.328	    48.6224
54674.695	    43.8917
54676.062	    43.8917
54677.461	    42.9185
54678.938	    40.6229
54680.391	    41.2939
54681.789	    42.9185
54683.203	    42.4328
54684.648	    41.5225
54686.055	    42.6743
54687.531	    40.6229
54688.945	    42.4328
54690.344	    42.9185
54691.805	    41.0678
54693.195	    43.1344
54694.562	    43.8917
54695.938	    43.6364
54697.258	    45.4545
54698.562	    45.9770
54699.945	    43.3839
54701.258	    45.7317
54702.633	    43.6364
54704.016	    43.3839
54705.305	    46.5477
54706.648	    44.6429
54708.023	    43.6364
54709.273	    48.0000
54710.633	    44.1501
54712.008	    43.6364
54713.344	    44.9102
54714.727	    43.3839
54716.031	    45.9770
54717.414	    43.3839
54718.797	    43.3839
54720.109	    45.7317
54721.508	    42.9185
54722.898	    43.1344
54724.258	    44.1501
54725.680	    42.1941
54727.023	    44.6429
54728.398	    43.6364
54729.766	    43.8917
54731.094	    45.1807
54732.453	    44.1501
54733.820	    43.8917
54735.125	    45.9770
54736.477	    44.3787
54737.836	    44.1501
54739.211	    43.6364
54740.617	    42.6743
54741.945	    45.1807
54743.344	    42.9185
54744.742	    42.9185
54746.070	    45.1807
54747.469	    42.9185
54748.820	    44.3787
54750.148	    45.1807
54751.547	    42.9185
54752.852	    45.9770
54754.211	    44.1501
54755.555	    44.6429
54756.875	    45.4545
54758.289	    42.4328
54759.672	    43.3839
54761.023	    44.3787
54762.422	    42.9185
54763.742	    45.4545
54765.172	    41.9580
54766.531	    44.1501
54767.867	    44.9102
54769.258	    43.1344
54770.562	    45.9770
54771.953	    43.1344
54773.344	    43.1344
54774.672	    45.1807
54776.023	    44.3787
54777.359	    44.9102
54778.672	    45.7317
54780.062	    43.1344
54781.414	    44.3787
54782.688	    47.1328
54784.016	    45.1807
54785.328	    45.7317
54786.656	    45.1807
54788.016	    44.1501
54789.328	    45.7317
54790.688	    44.1501
54792.016	    45.1807
54793.320	    45.9770
54794.672	    44.3787
54796.031	    44.1501
54797.367	    44.9102
54798.750	    43.3839
54800.117	    43.8917
54801.461	    44.6429
54802.836	    43.6364
54804.156	    45.4545
54805.547	    43.1344
54806.867	    45.4545
54808.203	    44.9102
54809.570	    43.8917
54810.891	    45.4545
54812.297	    42.6743
54813.695	    42.9185
54814.953	    47.6948
54816.258	    45.9770
54817.500	    48.3092
54818.664	    51.5464
54819.844	    50.8475
54821.031	    50.5051
54822.328	    46.2606
54823.617	    46.5477
54824.898	    46.8384
54826.258	    44.1501
54827.609	    44.3787
54828.922	    45.7317
54830.305	    43.3839
54831.617	    45.7317
54832.977	    44.1501
54834.328	    44.3787
54835.625	    46.2606
54836.977	    44.3787
54838.344	    43.8917
54839.656	    45.7317
54841.016	    44.1501
54842.312	    46.2606
54843.641	    45.1807
54845.031	    43.1344
54846.391	    44.1501
54847.812	    42.1941
54849.180	    43.8917
54850.633	    41.2939
54852.031	    42.9185
54853.391	    44.1501
54854.766	    43.6364
54856.109	    44.6429
54857.430	    45.4545
54858.695	    47.3934
54859.969	    47.1328
54861.312	    44.6429
54862.602	    46.5477
54863.977	    43.6364
54865.367	    43.1344
54866.719	    44.3787
54868.141	    42.1941
54869.523	    43.3839
54870.875	    44.3787
54872.258	    43.3839
54873.609	    44.3787
54875.000	    43.1344
54876.414	    42.4328
54877.750	    44.9102
54879.141	    43.1344
54880.523	    43.3839
54881.820	    46.2606
54883.195	    43.6364
54884.555	    44.1501
54885.859	    45.9770
54887.250	    43.1344
54888.633	    43.3839
54889.914	    46.8384
54891.250	    44.9102
54892.562	    45.7317
54893.898	    44.9102
54895.281	    43.3839
54896.625	    44.6429
54897.992	    43.8917
54899.398	    42.6743
54900.750	    44.3787
54902.180	    41.9580
54903.602	    42.1941
54904.930	    45.1807
54906.328	    42.9185
54907.719	    43.1344
54909.031	    45.7317
54910.414	    43.3839
54911.789	    43.6364
54913.117	    45.1807
54914.562	    41.5225
54915.922	    44.1501
54917.234	    45.7317
54918.695	    41.0678
54920.055	    44.1501
54921.430	    43.6364
54922.852	    42.1941
54924.148	    46.2606
54925.516	    43.8917
54926.938	    42.1941
54928.289	    44.3787
54929.750	    41.0678
54931.164	    42.4328
54932.562	    42.9185
54933.875	    45.7317
54935.227	    44.3787
54936.617	    43.1344
54938.000	    43.3839
54939.461	    41.0678
54940.844	    43.3839
54942.234	    43.1344
54943.633	    42.9185
54944.953	    45.4545
54946.344	    43.1344
54947.734	    43.1344
54949.102	    43.8917
54950.523	    42.1941
54951.867	    44.6429
54953.250	    43.3839
54954.648	    42.9185
54955.977	    45.1807
54957.352	    43.6364
54958.703	    44.3787
54960.039	    44.9102
54961.453	    42.4328
54962.773	    45.4545
54964.148	    43.6364
54965.516	    43.8917
54966.805	    46.5477
54968.164	    44.1501
54969.477	    45.7317
54970.805	    45.1807
54972.164	    44.1501
54973.508	    44.6429
54974.891	    43.3839
54976.281	    43.1344
54977.578	    46.2606
54978.969	    43.1344
54980.336	    43.8917
54981.672	    44.9102
54983.039	    43.8917
54984.383	    44.6429
54985.727	    44.6429
54987.078	    44.3787
54988.414	    44.9102
54989.844	    41.9580
54991.172	    45.1807
54992.461	    46.5477
54993.711	    48.0000
54994.945	    48.6224
54996.273	    45.1807
54997.719	    41.5225
54999.148	    41.9580
55000.609	    41.0678
55002.062	    41.2939
55003.484	    42.1941
55004.977	    40.2145
55006.438	    41.0678
55007.797	    44.1501
55009.227	    41.9580
55010.625	    42.9185
55011.969	    44.6429
55013.391	    42.1941
55014.734	    44.6429
55016.086	    44.3787
55017.453	    43.8917
55018.766	    45.7317
55020.164	    42.9185
55021.562	    42.9185
55022.898	    44.9102
55024.297	    42.9185
55025.656	    44.1501
55026.977	    45.4545
55028.367	    43.1344
55029.664	    46.2606
55031.039	    43.6364
55032.398	    44.1501
55033.703	    45.9770
55035.094	    43.1344
55036.523	    41.9580
55037.883	    44.1501
55039.359	    40.6229
55040.750	    43.1344
55042.141	    43.1344
55043.555	    42.4328
55044.875	    45.4545
55046.273	    42.9185
55047.633	    44.1501
55048.906	    47.1328
55050.289	    43.3839
55051.688	    42.9185
55053.008	    45.4545
55054.383	    43.6364
55055.719	    44.9102
55057.031	    45.7317
55058.367	    44.9102
55059.641	    47.1328
55061.000	    44.1501
55062.375	    43.6364
55063.695	    45.4545
55065.039	    44.6429
55066.391	    44.3787
55067.773	    43.3839
55069.117	    44.6429
55070.555	    41.7246
55071.953	    42.9185
55073.344	    43.1344
55074.766	    42.1941
55076.172	    42.6743
55077.602	    41.9580
55079.062	    41.0678
55080.391	    45.1807
55081.781	    43.1344
55083.227	    41.5225
55084.547	    45.4545
55085.961	    42.4328
55087.344	    43.3839
55088.688	    44.6429
55090.094	    42.6743
55091.422	    45.1807
55092.711	    46.5477
55094.062	    44.3787
55095.391	    45.1807
55096.703	    45.7317
55098.141	    41.7246
55099.523	    43.3839
55100.969	    41.5225
55102.398	    41.9580
55103.766	    43.8917
55105.227	    41.0678
55106.648	    42.1941
55107.977	    45.1807
55109.391	    42.4328
55110.758	    43.8917
55112.031	    47.1328
55113.422	    43.1344
55114.805	    43.3839
55116.117	    45.7317
55117.523	    42.6743
55118.898	    43.6364
55120.203	    45.9770
55121.555	    44.3787
55122.930	    43.6364
55124.211	    46.8384
55125.562	    44.3787
55126.891	    45.1807
55128.172	    46.8384
55129.492	    45.4545
55130.828	    44.9102
55132.086	    47.6948
55133.383	    46.2606
55134.695	    45.7317
55135.953	    47.6948
55137.289	    44.9102
55138.625	    44.9102
55139.922	    46.2606
55141.344	    42.1941
55142.797	    41.2939
55144.156	    44.1501
55145.594	    41.7246
55147.055	    41.0678
55148.414	    44.1501
55149.805	    43.1344
55151.180	    43.6364
55152.453	    47.1328
55153.797	    44.6429
55155.180	    43.3839
55156.484	    45.9770
55157.828	    44.6429
55159.242	    42.4328
55160.617	    43.6364
55161.992	    43.6364
55163.383	    43.1344
55164.750	    43.8917
55166.125	    43.6364
55167.508	    43.3839
55168.891	    43.3839
55170.281	    43.1344
55171.609	    45.1807
55173.016	    42.6743
55174.422	    42.6743
55175.766	    44.6429
55177.133	    43.8917
55178.516	    43.3839
55179.805	    46.5477
55181.148	    44.6429
55182.477	    45.1807
55183.797	    45.4545
55185.148	    44.3787
55186.422	    47.1328
55187.695	    47.1328
55189.000	    45.9770
55190.219	    49.2207
55191.469	    48.0000
55192.742	    47.1328
55193.961	    49.2207
55195.242	    46.8384
55196.188	    63.4921
55197.680	    40.2145
55199.008	    45.1807
55200.414	    42.6743
55201.766	    44.3787
55203.109	    44.6429
55204.516	    42.6743
55205.844	    45.1807
55207.188	    44.6429
55208.578	    43.1344
55209.945	    43.8917
55211.352	    42.6743
55212.688	    44.9102
55214.008	    45.4545
55215.398	    43.1344
55216.750	    44.3787
55218.102	    44.3787
55219.461	    44.1501
55220.773	    45.7317
55222.156	    43.3839
55223.484	    45.1807
55224.773	    46.5477
55226.172	    42.9185
55227.547	    43.6364
55228.914	    43.8917
55230.312	    42.9185
55231.656	    44.6429
55233.008	    44.3787
55234.383	    43.6364
55235.664	    46.8384
55237.023	    44.1501
55238.352	    45.1807
55239.625	    47.1328
55240.961	    44.9102
55242.266	    45.9770
55243.555	    46.5477
55244.883	    45.1807
55246.195	    45.7317
55247.617	    42.1941
55249.008	    43.1344
55250.359	    44.3787
55251.781	    42.1941
55253.180	    42.9185
55254.516	    44.9102
55255.914	    42.9185
55257.289	    43.6364
55258.602	    45.7317
55260.000	    42.9185
55261.352	    44.3787
55262.617	    47.3934
55263.984	    43.8917
55265.297	    45.7317
55266.531	    48.6224
55267.859	    45.1807
55269.211	    44.3787
55270.461	    48.0000
55271.789	    45.1807
55273.180	    43.1344
55274.547	    43.8917
55275.906	    44.1501
55277.250	    44.6429
55278.680	    41.9580
55280.102	    42.1941
55281.477	    43.6364
55282.914	    41.7246
55284.297	    43.3839
55285.609	    45.7317
55287.000	    43.1344
55288.328	    45.1807
55289.672	    44.6429
55291.062	    43.1344
55292.398	    44.9102
55293.750	    44.3787
55295.148	    42.9185
55296.445	    46.2606
55297.844	    42.9185
55299.234	    43.1344
55300.508	    47.1328
55301.836	    45.1807
55303.203	    43.8917
55304.547	    44.6429
55305.922	    43.6364
55307.227	    45.9770
55308.602	    43.6364
55310.000	    42.9185
55311.258	    47.6948
55312.586	    45.1807
55313.930	    44.6429
55315.234	    45.9770
55316.617	    43.3839
55318.008	    43.1344
55319.320	    45.7317
55320.734	    42.4328
55322.078	    44.6429
55323.359	    46.8384
55324.719	    44.1501
55326.102	    43.3839
55327.422	    45.4545
55328.859	    41.7246
55330.289	    41.9580
55331.648	    44.1501
55333.078	    41.9580
55334.438	    44.1501
55335.719	    46.8384
55337.078	    44.1501
55338.398	    45.4545
55339.656	    47.6948
55340.992	    44.9102
55342.312	    45.4545
55343.617	    45.9770
55344.984	    43.8917
55346.328	    44.6429
55347.617	    46.5477
55349.000	    43.3839
55350.344	    44.6429
55351.656	    45.7317
55352.992	    44.9102
55354.328	    44.9102
55355.672	    44.6429
55357.008	    44.9102
55358.312	    45.9770
55359.594	    46.8384
55360.945	    44.3787
55362.305	    44.1501
55363.633	    45.1807
55365.039	    42.6743
55366.430	    43.1344
55367.773	    44.6429
55369.195	    42.1941
55370.547	    44.3787
55371.797	    48.0000
55373.094	    46.2606
55374.414	    45.4545
55375.680	    47.3934
55377.000	    45.4545
55378.289	    46.5477
55379.617	    45.1807
55380.984	    43.8917
55382.266	    46.8384
55383.633	    43.8917
55384.984	    44.3787
55386.258	    47.1328
55387.602	    44.6429
55388.938	    44.9102
55390.219	    46.8384
55391.562	    44.6429
55392.922	    44.1501
55394.219	    46.2606
55395.602	    43.3839
55396.945	    44.6429
55398.344	    42.9185
55399.695	    44.3787
55400.977	    46.8384
55402.344	    43.8917
55403.711	    43.8917
55405.031	    45.4545
55406.414	    43.3839
55407.758	    44.6429
55409.070	    45.7317
55410.445	    43.6364
55411.758	    45.7317
55413.086	    45.1807
55414.477	    43.1344
55415.781	    45.9770
55417.148	    43.8917
55418.523	    43.6364
55419.836	    45.7317
55421.227	    43.1344
55422.586	    44.1501
55423.930	    44.6429
55425.289	    44.1501
55426.617	    45.1807
55427.875	    47.6948
55429.219	    44.6429
55430.547	    45.1807
55431.805	    47.6948
55433.195	    43.1344
55434.547	    44.3787
55435.883	    44.9102
55437.250	    43.8917
55438.641	    43.1344
55439.953	    45.7317
55441.344	    43.1344
55442.719	    43.6364
55444.070	    44.3787
55445.453	    43.3839
55446.805	    44.3787
55448.070	    47.3934
55449.438	    43.8917
55450.742	    45.9770
55452.062	    45.4545
55453.422	    44.1501
55454.695	    47.1328
55456.055	    44.1501
55457.422	    43.8917
55458.711	    46.5477
55460.102	    43.1344
55461.492	    43.1344
55462.789	    46.2606
55464.133	    44.6429
55465.492	    44.1501
55466.781	    46.5477
55468.125	    44.6429
55469.461	    44.9102
55470.805	    44.6429
55472.203	    42.9185
55473.508	    45.9770
55474.883	    43.6364
55476.289	    42.6743
55477.609	    45.4545
55478.977	    43.8917
55480.375	    42.9185
55481.719	    44.6429
55483.109	    43.1344
55484.477	    43.8917
55485.789	    45.7317
55487.172	    43.3839
55488.469	    46.2606
55489.812	    44.6429
55491.164	    44.3787
55492.453	    46.5477
55493.711	    47.6948
55495.047	    44.9102
55496.336	    46.5477
55497.625	    46.5477
55499.016	    43.1344
55500.359	    44.6429
55501.719	    44.1501
55503.117	    42.9185
55504.422	    45.9770
55505.773	    44.3787
55507.141	    43.8917
55508.398	    47.6948
55509.781	    43.3839
55511.133	    44.3787
55512.367	    48.6224
55513.703	    44.9102
55515.070	    43.8917
55516.367	    46.2606
55517.734	    43.8917
55519.125	    43.1344
55520.414	    46.5477
55521.773	    44.1501
55523.156	    43.3839
55524.484	    45.1807
55525.930	    41.5225
55527.273	    44.6429
55528.719	    41.5225
55530.109	    43.1344
55531.398	    46.5477
55532.781	    43.3839
55534.141	    44.1501
55535.453	    45.7317
55536.789	    44.9102
55538.125	    44.9102
55539.367	    48.3092
55540.664	    46.2606
55541.859	    50.2092
55543.094	    48.6224
55544.320	    48.8998
55545.508	    50.5051
55546.773	    47.3934
55548.062	    46.5477
55549.344	    46.8384
55550.703	    44.1501
55552.039	    44.9102
55553.305	    47.3934
55554.680	    43.6364
55556.016	    44.9102
55557.320	    45.9770
55558.719	    42.9185
55560.031	    45.7317
55561.414	    43.3839
55562.805	    43.1344
55564.055	    48.0000
55565.391	    44.9102
55566.727	    44.9102
55567.977	    48.0000
55569.312	    44.9102
55570.648	    44.9102
55571.938	    46.5477
55573.320	    43.3839
55574.672	    44.3787
55575.945	    47.1328
55577.352	    42.6743
55578.742	    43.1344
55580.094	    44.3787
55581.523	    41.9580
55582.914	    43.1344
55584.211	    46.2606
55585.609	    42.9185
55587.016	    42.6743
55588.398	    43.3839
55589.844	    41.5225
55591.234	    43.1344
55592.586	    44.3787
55594.031	    41.5225
55595.359	    45.1807
55596.773	    42.4328
55598.172	    42.9185
55599.445	    47.1328
55600.781	    44.9102
55602.172	    43.1344
55603.500	    45.1807
55604.867	    43.8917
55606.242	    43.6364
55607.578	    44.9102
55608.984	    42.6743
55610.344	    44.1501
55611.641	    46.2606
55613.016	    43.6364
55614.359	    44.6429
55615.625	    47.3934
55616.977	    44.3787
55618.305	    45.1807
55619.539	    48.6224
55620.859	    45.4545
55622.195	    44.9102
55623.422	    48.8998
55624.758	    44.9102
55626.094	    44.9102
55627.320	    48.8998
55628.648	    45.1807
55629.984	    44.9102
55631.234	    48.0000
55632.570	    44.9102
55633.930	    44.1501
55635.281	    44.3787
55636.773	    40.2145
55638.172	    42.9185
55639.570	    42.9185
55641.062	    40.2145
55642.414	    44.3787
55643.812	    42.9185
55645.203	    43.1344
55646.469	    47.3934
55647.852	    43.3839
55649.266	    42.4328
55650.609	    44.6429
55652.008	    42.9185
55653.359	    44.3787
55654.688	    45.1807
55656.109	    42.1941
55657.508	    42.9185
55658.805	    46.2606
55660.172	    43.8917
55661.547	    43.6364
55662.812	    47.3934
55664.195	    43.3839
55665.539	    44.6429
55666.805	    47.3934
55668.125	    45.4545
55669.477	    44.3787
55670.758	    46.8384
55672.141	    43.3839
55673.484	    44.6429
55674.789	    45.9770
55676.172	    43.3839
55677.516	    44.6429
55678.820	    45.9770
55680.172	    44.3787
55681.523	    44.3787
55682.820	    46.2606
55684.266	    41.5225
55685.656	    43.1344
55687.047	    43.1344
55688.422	    43.6364
55689.734	    45.7317
55691.016	    46.8384
55692.398	    43.3839
55693.758	    44.1501
55695.102	    44.6429
55696.547	    41.5225
55697.875	    45.1807
55699.258	    43.3839
55700.672	    42.4328
55701.953	    46.8384
55703.359	    42.6743
55704.758	    42.9185
55706.070	    45.7317
55707.477	    42.6743
55708.859	    43.3839
55710.156	    46.2606
55711.531	    43.6364
55712.914	    43.3839
55714.211	    46.2606
55715.602	    43.1344
55716.984	    43.3839
55718.242	    47.6948
55719.602	    44.1501
55720.977	    43.6364
55722.234	    47.6948
55723.555	    45.4545
55724.922	    43.8917
55726.266	    44.6429
55727.594	    45.1807
55729.023	    41.9580
55730.406	    43.3839
55731.742	    44.9102
55733.141	    42.9185
55734.508	    43.8917
55735.820	    45.7317
55737.227	    42.6743
55738.609	    43.3839
55739.922	    45.7317
55741.312	    43.1344
55742.680	    43.8917
55744.055	    43.6364
55745.484	    41.9580
55746.812	    45.1807
55748.180	    43.8917
55749.578	    42.9185
55750.898	    45.4545
55752.219	    45.4545
55753.547	    45.1807
55754.828	    46.8384
55756.094	    47.3934
55757.422	    45.1807
55758.719	    46.2606
55760.023	    45.9770
55761.398	    43.6364
55762.680	    46.8384
55764.047	    43.8917
55765.430	    43.3839
55766.789	    44.1501
55768.164	    43.6364
55769.570	    42.6743
55770.883	    45.7317
55772.266	    43.3839
55773.648	    43.3839
55774.906	    47.6948
55776.258	    44.3787
55777.633	    43.6364
55778.938	    45.9770
55780.336	    42.9185
55781.734	    42.9185
55783.016	    46.8384
55784.398	    43.3839
55785.758	    44.1501
55787.047	    46.5477
55788.414	    43.8917
55789.781	    43.8917
55791.102	    45.4545
55792.484	    43.3839
55793.891	    42.6743
55795.234	    44.6429
55796.648	    42.4328
55798.078	    41.9580
55799.375	    46.2606
55800.773	    42.9185
55802.180	    42.6743
55803.453	    47.1328
55804.844	    43.1344
55806.234	    43.1344
55807.477	    48.3092
55808.609	    52.9568
55809.648	    57.7478
55810.625	    61.4125
55811.555	    64.5161
55812.469	    65.6455
55813.352	    67.9502
55814.242	    67.3401
55815.094	    70.4225
55815.938	    71.0900
55816.773	    71.7703
55817.578	    74.5342
55818.375	    75.2823
55819.180	    74.5342
55819.984	    74.5342
55820.773	    76.0456
55821.570	    75.2823
55822.359	    76.0456
55823.156	    75.2823
