34202.586	    38.2166
34204.180	    37.6412
34205.742	    38.4123
34207.281	    38.9864
34208.789	    39.7878
34210.281	    40.2145
34211.820	    38.9864
34213.336	    39.5778
34214.844	    39.7878
34216.312	    40.8441
34217.695	    43.3839
34219.039	    44.6429
34220.445	    42.6743
34221.781	    44.9102
34222.984	    49.8753
34224.273	    46.5477
34225.789	    39.5778
34227.453	    36.0577
34228.961	    39.7878
34230.836	    32.0000
34232.359	    39.3959
34233.875	    39.5778
34235.438	    38.4123
34236.922	    40.4313
34238.312	    43.1344
34239.812	    40.0000
34241.289	    40.6229
34242.789	    40.0000
34244.281	    40.2145
34245.758	    40.6229
34247.242	    40.4313
34248.812	    38.2166
34250.375	    38.4123
34251.930	    38.5852
34253.523	    37.6412
34255.008	    40.4313
34256.500	    40.2145
34257.969	    40.8441
34259.469	    40.0000
34261.109	    36.5631
34262.680	    38.2166
34264.164	    40.4313
34265.695	    39.1901
34267.219	    39.3959
34268.695	    40.6229
34270.094	    42.9185
34271.531	    41.7246
34272.977	    41.5225
34274.336	    44.1501
34275.633	    46.2606
34277.148	    39.5778
34278.633	    40.4313
34280.039	    42.6743
34281.586	    38.7847
34283.234	    36.4078
34284.672	    41.7246
34286.125	    41.2939
34287.641	    39.5778
34289.102	    41.0678
34290.531	    41.9580
34292.047	    39.5778
34293.445	    42.9185
34294.828	    43.3839
34296.227	    42.9185
34297.641	    42.4328
34299.109	    40.8441
34300.633	    39.3959
34302.180	    38.7847
34303.688	    39.7878
34305.203	    39.5778
34306.742	    38.9864
34308.250	    39.7878
34309.758	    39.7878
34311.250	    40.2145
34312.703	    41.2939
34314.141	    41.7246
34315.586	    41.5225
34317.031	    41.5225
34318.461	    41.9580
34319.953	    40.2145
34321.469	    39.5778
34322.953	    40.4313
34324.336	    43.3839
34325.773	    41.7246
34327.328	    38.5852
34328.820	    40.2145
34330.227	    42.6743
34331.828	    37.4532
34333.297	    40.8441
34334.750	    41.2939
34336.281	    39.1901
34337.773	    40.2145
34339.219	    41.5225
34340.633	    42.4328
34342.109	    40.6229
34343.570	    41.0678
34345.070	    40.0000
34346.617	    38.7847
34348.258	    36.5631
34349.836	    38.0228
34351.391	    38.5852
34352.992	    37.4532
34354.656	    36.0577
34356.219	    38.4123
34357.742	    39.3959
34359.281	    38.9864
34360.820	    38.9864
34362.297	    40.6229
34363.734	    41.7246
34365.250	    39.5778
34366.812	    38.4123
34368.383	    38.2166
34369.898	    39.5778
34371.367	    40.8441
34372.914	    38.7847
34374.438	    39.3959
34375.938	    40.0000
34377.336	    42.9185
34378.812	    40.6229
34380.344	    39.1901
34381.789	    41.5225
34383.133	    44.6429
34384.594	    41.0678
34386.055	    41.0678
34387.453	    42.9185
34388.969	    39.5778
34390.453	    40.4313
34391.844	    43.1344
34393.344	    40.0000
34394.812	    40.8441
34396.180	    43.8917
34397.664	    40.4313
34399.102	    41.7246
34400.594	    40.2145
34402.195	    37.4532
34403.781	    37.8310
34405.352	    38.2166
34406.898	    38.7847
34408.430	    39.1901
34409.945	    39.5778
34411.500	    38.5852
34413.047	    38.7847
34414.570	    39.3959
34416.102	    39.1901
34417.586	    40.4313
34419.172	    37.8310
34420.703	    39.1901
34422.227	    39.3959
34423.688	    41.0678
34425.203	    39.5778
34426.719	    39.5778
34428.109	    43.1344
34429.469	    44.1501
34430.906	    41.7246
34432.406	    40.0000
34433.836	    41.9580
34435.211	    43.6364
34436.789	    38.0228
34438.289	    40.0000
34439.680	    43.1344
34441.172	    40.2145
34442.617	    41.5225
34444.016	    42.9185
34445.547	    39.1901
34447.125	    38.0228
34448.672	    38.7847
34450.125	    41.2939
34451.695	    38.2166
34453.258	    38.4123
34454.820	    38.4123
34456.336	    39.5778
34457.820	    40.4313
34459.391	    38.2166
34460.922	    39.1901
34462.391	    40.8441
34463.891	    40.0000
34465.375	    40.4313
34466.898	    39.3959
34468.383	    40.4313
34469.875	    40.2145
34471.336	    41.0678
34472.867	    39.1901
34474.375	    39.7878
34475.844	    40.8441
34477.250	    42.6743
34478.688	    41.7246
34480.141	    41.2939
34481.531	    43.1344
34482.867	    44.9102
34484.352	    40.4313
34485.820	    40.8441
34487.172	    44.3787
34488.688	    39.5778
34490.227	    38.9864
34491.641	    42.4328
34492.969	    45.1807
34494.344	    43.6364
34495.727	    43.3839
34497.078	    44.3787
34498.516	    41.7246
34500.070	    38.5852
34501.539	    40.8441
34503.000	    41.0678
34504.484	    40.4313
34505.992	    39.7878
34507.445	    41.2939
34508.898	    41.2939
34510.406	    39.7878
34511.938	    39.1901
34513.430	    40.2145
34514.969	    38.9864
34516.516	    38.7847
34518.023	    39.7878
34519.500	    40.6229
34520.914	    42.4328
34522.336	    42.1941
34523.797	    41.0678
34525.305	    39.7878
34526.727	    42.1941
34528.250	    39.3959
34529.781	    39.1901
34531.359	    38.0228
34532.859	    40.0000
34534.406	    38.7847
34535.977	    38.2166
34537.477	    40.0000
34538.938	    41.0678
34540.562	    36.9231
34542.133	    38.2166
34543.641	    39.7878
34545.195	    38.5852
34546.719	    39.3959
34548.195	    40.6229
34549.781	    37.8310
34551.375	    37.6412
34552.844	    40.8441
34554.453	    37.2902
34556.008	    38.5852
34557.484	    40.6229
34559.008	    39.3959
34560.484	    40.6229
34561.914	    41.9580
34563.398	    40.4313
34564.898	    40.0000
34566.305	    42.6743
34567.711	    42.6743
34569.109	    42.9185
34570.438	    45.1807
34571.773	    44.9102
34573.117	    44.6429
34574.516	    42.9185
34576.039	    39.3959
34577.531	    40.2145
34578.922	    43.1344
34580.406	    40.4313
34581.852	    41.5225
34583.266	    42.4328
34584.641	    43.6364
34586.094	    41.2939
34587.586	    40.2145
34589.039	    41.2939
34590.445	    42.6743
34591.969	    39.3959
34593.445	    40.6229
34594.867	    42.1941
34596.398	    39.1901
34598.023	    36.9231
34599.648	    36.9231
34601.133	    40.4313
34602.695	    38.4123
34604.180	    40.4313
34605.633	    41.2939
34607.250	    37.1058
34608.953	    35.2319
34610.477	    39.3959
34612.016	    38.9864
34613.656	    36.5631
34615.156	    40.0000
34616.609	    41.2939
34618.117	    39.7878
34619.602	    40.4313
34621.023	    42.1941
34622.539	    39.5778
34624.094	    38.5852
34625.570	    40.6229
34627.125	    38.5852
34628.656	    39.1901
34630.164	    39.7878
34631.648	    40.4313
34633.258	    37.2902
34634.805	    38.7847
34636.297	    40.2145
34637.805	    39.7878
34639.281	    40.6229
34640.719	    41.7246
34642.328	    37.2902
34643.867	    38.9864
34645.359	    40.2145
34646.820	    41.0678
34648.352	    39.1901
34649.906	    38.5852
34651.367	    41.0678
34652.781	    42.4328
34654.250	    40.8441
34655.734	    40.4313
34657.203	    40.8441
34658.828	    36.9231
34660.367	    38.9864
34661.828	    41.0678
34663.305	    40.6229
34664.758	    41.2939
34666.180	    42.1941
34667.688	    39.7878
34669.227	    38.9864
34670.672	    41.5225
34672.094	    42.1941
34673.648	    38.5852
34675.211	    38.4123
34676.664	    41.2939
34678.273	    37.2902
34679.844	    38.2166
34681.391	    38.7847
34682.859	    40.8441
34684.422	    38.4123
34685.906	    40.4313
34687.281	    43.6364
34688.766	    40.4313
34690.211	    41.5225
34691.586	    43.6364
34693.023	    41.7246
34694.492	    40.8441
34695.977	    40.4313
34697.414	    41.7246
34698.984	    38.2166
34700.523	    38.9864
34701.977	    41.2939
34703.375	    42.9185
34704.883	    39.7878
34706.391	    39.7878
34707.852	    41.0678
34709.250	    42.9185
34710.789	    38.9864
34712.250	    41.0678
34713.625	    43.6364
34715.078	    41.2939
34716.547	    40.8441
34717.992	    41.5225
34719.516	    39.3959
34721.094	    38.0228
34722.508	    42.4328
34723.883	    43.6364
34725.484	    37.4532
34727.023	    38.9864
34728.656	    36.7422
34730.445	    33.5383
34732.086	    36.5631
34733.625	    38.9864
34735.219	    37.6412
34736.734	    39.5778
34738.219	    40.4313
34739.711	    40.2145
34741.180	    40.8441
34742.617	    41.7246
34744.109	    40.2145
34745.625	    39.5778
34747.094	    40.8441
34748.539	    41.5225
34750.055	    39.5778
34751.539	    40.4313
34752.953	    42.4328
34754.406	    41.2939
34755.906	    40.0000
34757.328	    42.1941
34758.781	    41.2939
34760.359	    38.0228
34761.875	    39.5778
34763.375	    40.0000
34764.992	    37.1058
34766.500	    39.7878
34767.961	    41.0678
34769.492	    39.1901
34771.016	    39.3959
34772.445	    41.9580
34773.984	    38.9864
34775.555	    38.2166
34777.062	    39.7878
34778.508	    41.5225
34780.094	    37.8310
34781.586	    40.2145
34783.016	    41.9580
34784.547	    39.1901
34786.031	    40.4313
34787.430	    42.9185
34788.930	    40.0000
34790.422	    40.2145
34791.875	    41.2939
34793.273	    42.9185
34794.719	    41.5225
34796.148	    41.9580
34797.547	    42.9185
34799.047	    40.0000
34800.547	    40.0000
34801.992	    41.5225
34803.414	    42.1941
34804.992	    38.0228
34806.469	    40.6229
34807.945	    40.6229
34809.539	    37.6412
34811.070	    39.1901
34812.586	    39.5778
34814.023	    41.7246
34815.516	    40.2145
34817.039	    39.3959
34818.516	    40.6229
34819.969	    41.2939
34821.484	    39.5778
34823.000	    39.5778
34824.414	    42.4328
34825.938	    39.3959
34827.516	    38.0228
34828.938	    42.1941
34830.555	    37.1058
34832.156	    37.4532
34833.617	    41.0678
34835.195	    38.0228
34836.734	    38.9864
34838.117	    43.3839
34839.555	    41.7246
34841.000	    41.5225
34842.414	    42.4328
34843.852	    41.7246
34845.406	    38.5852
34846.906	    40.0000
34848.359	    41.2939
34849.828	    40.8441
34851.266	    41.7246
34852.750	    40.4313
34854.359	    37.2902
34855.938	    38.0228
34857.594	    36.2319
34859.242	    36.4078
34860.773	    39.1901
34862.312	    38.9864
34863.906	    37.6412
34865.602	    35.3982
34867.180	    38.0228
34868.609	    41.9580
34870.172	    38.4123
34871.797	    36.9231
34873.359	    38.4123
34874.836	    40.6229
34876.391	    38.5852
34877.945	    38.5852
34879.430	    40.4313
34880.867	    41.7246
34882.469	    37.4532
34884.047	    38.0228
34885.594	    38.7847
34887.047	    41.2939
34888.656	    37.2902
34890.234	    38.0228
34891.734	    40.0000
34893.133	    42.9185
34894.617	    40.4313
34896.141	    39.3959
34897.617	    40.6229
34899.188	    38.2166
34900.797	    37.2902
34902.328	    39.1901
34903.766	    41.7246
34905.359	    37.6412
34906.953	    37.6412
34908.445	    40.2145
34909.852	    42.6743
34911.305	    41.2939
34912.812	    39.7878
34914.258	    41.5225
34915.703	    41.5225
34917.148	    41.5225
34918.711	    38.4123
34920.289	    38.0228
34921.750	    41.0678
34923.156	    42.6743
34924.633	    40.6229
34926.117	    40.4313
34927.516	    42.9185
34929.023	    39.7878
34930.492	    40.8441
34931.938	    41.5225
34933.383	    41.5225
34934.906	    39.3959
34936.422	    39.5778
34937.844	    42.1941
34939.352	    39.7878
34940.891	    38.9864
34942.320	    41.9580
34943.750	    41.9580
34945.273	    39.3959
34946.820	    38.7847
34948.297	    40.6229
34949.711	    42.4328
34951.242	    39.1901
34952.773	    39.1901
34954.203	    41.9580
34955.727	    39.3959
34957.250	    39.3959
34958.766	    39.5778
34960.203	    41.7246
34961.797	    37.6412
34963.336	    38.9864
34964.797	    41.0678
34966.312	    39.5778
34967.867	    38.5852
34969.352	    40.4313
34970.812	    41.0678
34972.289	    40.6229
34973.758	    40.8441
34975.180	    42.1941
34976.680	    40.0000
34978.195	    39.5778
34979.633	    41.7246
34981.094	    41.0678
34982.602	    39.7878
34984.078	    40.6229
34985.469	    43.1344
34987.031	    38.4123
34988.453	    42.1941
34989.859	    42.6743
34991.359	    40.0000
34992.859	    40.0000
34994.406	    38.7847
34995.984	    38.0228
34997.547	    38.4123
34999.047	    40.0000
35000.648	    37.4532
35002.180	    39.1901
35003.617	    41.7246
35005.109	    40.2145
35006.531	    42.1941
35007.961	    41.9580
35009.578	    37.1058
35011.094	    39.5778
35012.586	    40.2145
35014.047	    41.0678
35015.539	    40.2145
35016.930	    43.1344
35018.430	    40.0000
35019.836	    42.6743
35021.352	    39.5778
35023.000	    36.4078
35024.508	    39.7878
35026.039	    39.1901
35027.578	    38.9864
35029.086	    39.7878
35030.516	    41.9580
35032.062	    38.7847
35033.617	    38.5852
35035.117	    40.0000
35036.555	    41.7246
35038.094	    38.9864
35039.688	    37.6412
35041.203	    39.5778
35042.664	    41.0678
35044.234	    38.2166
35045.805	    38.2166
35047.266	    41.0678
35048.789	    39.3959
35050.305	    39.5778
35051.758	    41.2939
35053.164	    42.6743
35054.664	    40.0000
35056.219	    38.5852
35057.664	    41.5225
35059.234	    38.2166
35060.758	    39.3959
35062.227	    40.8441
35063.641	    42.4328
35065.195	    38.5852
35066.648	    41.2939
35068.047	    42.9185
35069.531	    40.4313
35071.047	    39.5778
35072.555	    39.7878
35073.984	    41.9580
35075.508	    39.3959
35076.945	    41.7246
35078.352	    42.6743
35079.844	    40.2145
35081.320	    40.6229
35082.719	    42.9185
35084.242	    39.3959
35085.750	    39.7878
35087.227	    40.6229
35088.602	    43.6364
35090.094	    40.2145
35091.586	    40.2145
35093.031	    41.5225
35094.656	    36.9231
35096.180	    39.3959
35097.641	    41.0678
35099.164	    39.3959
35100.656	    40.2145
35102.109	    41.2939
35103.648	    38.9864
35105.141	    40.2145
35106.570	    41.9580
35108.172	    37.4532
35109.703	    39.1901
35111.117	    42.4328
35112.555	    41.7246
35114.070	    39.5778
35115.547	    40.6229
35116.977	    41.9580
35118.500	    39.3959
35120.023	    39.3959
35121.477	    41.2939
35122.914	    41.7246
35124.484	    38.2166
35126.008	    39.3959
35127.500	    40.2145
35129.023	    39.3959
35130.477	    41.2939
35131.906	    41.9580
35133.438	    39.1901
35134.945	    39.7878
35136.359	    42.4328
35137.852	    40.2145
35139.375	    39.3959
35140.930	    38.5852
35142.352	    42.1941
35143.844	    40.2145
35145.359	    39.5778
35146.766	    42.6743
35148.234	    40.8441
35149.758	    39.3959
35151.258	    40.0000
35152.648	    43.1344
35154.180	    39.1901
35155.734	    38.5852
35157.172	    41.7246
35158.703	    39.1901
35160.234	    39.1901
35161.688	    41.2939
35163.148	    41.0678
35164.656	    39.7878
35166.117	    41.0678
35167.547	    41.9580
35169.109	    38.4123
35170.586	    40.6229
35172.047	    41.0678
35173.516	    40.8441
35175.023	    39.7878
35176.500	    40.6229
35178.000	    40.0000
35179.453	    41.2939
35180.938	    40.4313
35182.469	    39.1901
35183.984	    39.5778
35185.438	    41.2939
35187.023	    37.8310
35188.531	    39.7878
35189.969	    41.7246
35191.344	    43.6364
35192.938	    37.6412
35194.438	    40.0000
35195.789	    44.3787
35197.188	    42.9185
35198.492	    45.9770
35199.805	    45.7317
35201.133	    45.1807
35202.453	    45.4545
35203.781	    45.1807
35205.289	    39.7878
35206.758	    40.8441
35208.172	    42.4328
35209.672	    40.0000
35211.086	    42.4328
35212.453	    43.8917
35213.891	    41.7246
35215.320	    41.9580
35216.656	    44.9102
35218.086	    41.9580
35219.500	    42.4328
35220.883	    43.3839
35222.336	    41.2939
35223.797	    41.0678
35225.281	    40.4313
35226.781	    40.0000
35228.297	    39.5778
35229.734	    41.7246
35231.156	    42.1941
35232.688	    39.1901
35234.227	    38.9864
35235.766	    38.9864
35237.320	    38.5852
35238.977	    36.2319
35240.578	    37.4532
35242.094	    39.5778
35243.664	    38.2166
35245.164	    40.0000
35246.664	    40.0000
35248.250	    37.8310
35249.828	    38.0228
35251.289	    41.0678
35252.789	    40.0000
35254.328	    38.9864
35255.906	    38.0228
35257.352	    41.5225
35258.953	    37.4532
35260.508	    38.5852
35261.961	    41.2939
35263.531	    38.2166
35265.109	    38.0228
35266.578	    40.8441
35268.008	    41.9580
35269.602	    37.6412
35271.172	    38.2166
35272.656	    40.4313
35274.156	    40.0000
35275.719	    38.4123
35277.234	    39.5778
35278.617	    43.3839
35280.055	    41.7246
35281.523	    40.8441
35283.039	    39.5778
35284.531	    40.2145
35286.023	    40.2145
35287.430	    42.6743
35289.086	    36.2319
35290.586	    40.0000
35292.086	    40.0000
35293.625	    38.9864
35295.148	    39.3959
35296.672	    39.3959
35298.234	    38.4123
35299.750	    39.5778
35301.289	    38.9864
35302.828	    38.9864
35304.312	    40.4313
35305.773	    41.0678
35307.359	    37.8310
35308.875	    39.5778
35310.312	    41.7246
35311.883	    38.2166
35313.406	    39.3959
35314.859	    41.2939
35316.352	    40.2145
35317.828	    40.6229
35319.289	    41.0678
35320.695	    42.6743
35322.227	    39.1901
35323.727	    40.0000
35325.047	    45.4545
35326.391	    44.6429
35327.742	    44.3787
35329.039	    46.2606
35330.398	    44.1501
35331.680	    46.8384
35332.984	    45.9770
35334.234	    48.0000
35335.516	    46.8384
35336.898	    43.3839
35338.273	    43.6364
35339.641	    43.8917
35341.086	    41.5225
35342.516	    41.9580
35343.945	    41.9580
35345.406	    41.0678
35346.867	    41.0678
35348.297	    41.9580
35349.789	    40.2145
35351.219	    41.9580
35352.695	    40.6229
35354.297	    37.4532
35355.789	    40.2145
35357.258	    40.8441
35358.781	    39.3959
35360.297	    39.5778
35361.750	    41.2939
35363.281	    39.1901
35364.820	    38.9864
35366.359	    38.9864
35367.875	    39.5778
35369.352	    40.6229
35370.953	    37.4532
35372.500	    38.7847
35374.008	    39.7878
35375.625	    37.1058
35377.227	    37.4532
35378.719	    40.2145
35380.281	    38.4123
35381.852	    38.2166
35383.336	    40.4313
35384.781	    41.5225
35386.344	    38.4123
35387.844	    40.0000
35389.297	    41.2939
35390.781	    40.4313
35392.250	    40.8441
35393.680	    41.9580
35395.164	    40.4313
35396.703	    38.9864
35398.242	    38.9864
35399.766	    39.3959
35401.180	    42.4328
35402.594	    42.4328
35404.102	    39.7878
35405.719	    37.1058
35407.242	    39.3959
35409.039	    33.3890
35410.641	    37.4532
35412.148	    39.7878
35413.742	    37.6412
35415.266	    39.3959
35416.742	    40.6229
35418.258	    39.5778
35419.758	    40.0000
35421.133	    43.6364
35422.617	    40.4313
35424.133	    39.5778
35425.594	    41.0678
35427.133	    38.9864
35428.680	    38.7847
35430.172	    40.2145
35431.758	    37.8310
35433.398	    36.5631
35434.906	    39.7878
35436.359	    41.2939
35437.891	    39.1901
35439.391	    40.0000
35440.828	    41.7246
35442.398	    38.2166
35443.859	    41.0678
35445.289	    41.9580
35446.805	    39.5778
35448.266	    41.0678
35449.695	    41.9580
35451.172	    40.6229
35452.633	    41.0678
35454.055	    42.1941
35455.617	    38.4123
35457.133	    39.5778
35458.625	    40.2145
35460.195	    38.2166
35461.633	    41.7246
35463.070	    41.7246
35464.531	    41.0678
35466.086	    38.5852
35467.656	    38.2166
35469.273	    37.1058
35470.805	    39.1901
35472.312	    39.7878
35473.898	    37.8310
35475.461	    38.4123
35476.922	    41.0678
35478.469	    38.7847
35479.984	    39.5778
35481.430	    41.5225
35482.828	    42.9185
35484.320	    40.2145
35485.805	    40.4313
35487.273	    40.8441
35488.672	    42.9185
35490.148	    40.6229
35491.672	    39.3959
35493.094	    42.1941
35494.531	    41.7246
35496.047	    39.5778
35497.523	    40.6229
35498.977	    41.2939
35500.508	    39.1901
35502.055	    38.7847
35503.539	    40.4313
35505.039	    40.0000
35506.641	    37.4532
35508.156	    39.5778
35509.773	    37.1058
35511.258	    40.4313
35512.688	    41.9580
35514.227	    38.9864
35515.727	    40.0000
35517.156	    41.9580
35518.672	    39.5778
35520.141	    40.8441
35521.570	    41.9580
35523.125	    38.5852
35524.609	    40.4313
35526.016	    42.6743
35527.531	    39.5778
35529.086	    38.5852
35530.547	    41.0678
35531.961	    42.4328
35533.492	    39.1901
35535.000	    39.7878
35536.438	    41.7246
35537.875	    41.7246
35539.398	    39.3959
35540.859	    41.0678
35542.297	    41.7246
35543.859	    38.4123
35545.422	    38.4123
35546.977	    38.5852
35548.570	    37.6412
35550.156	    37.8310
35551.625	    40.8441
35553.148	    39.3959
35554.711	    38.4123
35556.188	    40.6229
35557.617	    41.9580
35559.141	    39.3959
35560.609	    40.8441
35562.039	    41.9580
35563.531	    40.2145
35565.039	    39.7878
35566.523	    40.4313
35567.930	    42.6743
35569.406	    40.6229
35570.922	    39.5778
35572.383	    41.0678
35573.781	    42.9185
35575.273	    40.2145
35576.750	    40.6229
35578.164	    42.4328
35579.578	    42.4328
35581.047	    40.8441
35582.578	    39.1901
35584.047	    40.8441
35585.672	    36.9231
35587.250	    38.0228
35588.742	    40.2145
35590.188	    41.5225
35591.680	    40.2145
35593.219	    38.9864
35594.664	    41.5225
35596.133	    40.8441
35597.680	    38.7847
35599.219	    38.9864
35600.727	    39.7878
35602.258	    39.1901
35603.797	    38.9864
35605.195	    42.9185
35606.750	    38.5852
35608.273	    39.3959
35609.750	    40.6229
35611.266	    39.5778
35612.758	    40.2145
35614.289	    39.1901
35615.727	    41.7246
35617.281	    38.5852
35618.789	    39.7878
35620.242	    41.2939
35621.617	    43.6364
35623.062	    41.5225
35624.492	    41.9580
35625.961	    40.8441
35627.477	    39.5778
35628.945	    40.8441
35630.367	    42.1941
35631.852	    40.4313
35633.273	    42.1941
35634.656	    43.3839
35636.102	    41.5225
35637.516	    42.4328
35638.883	    43.8917
35640.219	    44.9102
35641.641	    42.1941
35643.109	    40.8441
35644.539	    41.9580
35645.945	    42.6743
35647.375	    41.9580
35648.672	    46.2606
35649.914	    48.3092
35651.242	    45.1807
35652.680	    41.7246
35654.180	    40.0000
35655.758	    38.0228
35657.383	    36.9231
35658.938	    38.5852
35660.516	    38.0228
35662.023	    39.7878
35663.531	    39.7878
35665.047	    39.5778
35666.500	    41.2939
35667.906	    42.6743
35669.312	    42.6743
35670.734	    42.1941
35672.102	    43.8917
35673.625	    39.3959
35675.156	    39.1901
35676.680	    39.3959
35678.180	    40.0000
35679.836	    36.2319
35681.438	    37.4532
35682.969	    39.1901
35684.469	    40.0000
35685.969	    40.0000
35687.492	    39.3959
35689.047	    38.5852
35690.555	    39.7878
35692.172	    37.1058
35693.750	    38.0228
35695.297	    38.7847
35696.766	    40.8441
35698.305	    38.9864
35699.859	    38.5852
35701.375	    39.5778
35702.820	    41.5225
35704.391	    38.2166
35705.891	    40.0000
35707.281	    43.1344
35708.781	    40.0000
35710.227	    41.5225
35711.602	    43.6364
35713.117	    39.5778
35714.617	    40.0000
35716.008	    43.1344
35717.438	    41.9580
35718.969	    39.1901
35720.461	    40.2145
35721.875	    42.4328
35723.375	    40.0000
35724.867	    40.2145
35726.352	    40.4313
35727.906	    38.5852
35729.406	    40.0000
35730.914	    39.7878
35732.391	    40.6229
35733.930	    38.9864
35735.469	    38.9864
35736.992	    39.3959
35738.438	    41.5225
35739.961	    39.3959
35741.492	    39.1901
35742.891	    42.9185
35744.312	    42.1941
35745.820	    39.7878
35747.320	    40.0000
35748.844	    39.3959
35750.320	    40.6229
35751.859	    38.9864
35753.406	    38.7847
35754.930	    39.3959
35756.539	    37.2902
35758.023	    40.4313
35759.469	    41.5225
35761.016	    38.7847
35762.562	    38.7847
35763.992	    41.9580
35765.453	    41.0678
35766.906	    41.2939
35768.289	    43.3839
35769.758	    40.8441
35771.273	    39.5778
35772.781	    39.7878
35774.258	    40.6229
35775.812	    38.5852
35777.312	    40.0000
35778.727	    42.4328
35780.234	    39.7878
35781.719	    40.4313
35783.141	    42.1941
35784.547	    42.6743
35785.992	    41.5225
35787.438	    41.5225
35788.836	    42.9185
35790.289	    41.2939
35791.766	    40.6229
35793.219	    41.2939
35794.578	    44.1501
35796.047	    40.8441
35797.508	    41.0678
35798.867	    44.1501
35800.344	    40.6229
35801.766	    42.1941
35803.156	    43.1344
35804.641	    40.4313
35806.148	    39.7878
35807.594	    41.5225
35809.055	    41.0678
35810.578	    39.3959
35812.047	    40.8441
35813.531	    40.4313
35815.055	    39.3959
35816.586	    39.1901
35818.039	    41.2939
35819.664	    36.9231
35821.336	    35.8852
35822.891	    38.5852
35824.422	    39.1901
35826.062	    36.5631
35827.781	    34.9040
35829.336	    38.5852
35830.789	    41.2939
35832.344	    38.5852
35833.898	    38.5852
35835.352	    41.2939
35836.945	    37.6412
35838.469	    39.3959
35839.906	    41.7246
35841.414	    39.7878
35842.945	    39.1901
35844.414	    40.8441
35845.828	    42.4328
35847.359	    39.1901
35848.859	    40.0000
35850.289	    41.9580
35851.688	    42.9185
35853.164	    40.6229
35854.672	    39.7878
35856.141	    40.8441
35857.539	    42.9185
35859.023	    40.4313
35860.531	    39.7878
35861.953	    42.1941
35863.305	    44.3787
35864.750	    41.5225
35866.172	    42.1941
35867.617	    41.5225
35869.125	    39.7878
35870.633	    39.7878
35871.594	    62.4350
35872.172	   103.8062
35873.930	    34.1297
35875.641	    35.0672
35877.211	    38.2166
35878.656	    41.5225
35880.125	    40.8441
35881.539	    42.4328
35882.906	    43.8917
35884.344	    41.7246
35885.797	    41.2939
35887.305	    39.7878
35888.859	    38.5852
35890.398	    38.9864
35891.883	    40.4313
35893.406	    39.3959
35894.953	    38.7847
35896.398	    41.5225
35897.852	    41.2939
35899.367	    39.5778
35900.859	    40.2145
35902.328	    40.8441
35903.852	    39.3959
35905.375	    39.3959
35906.898	    39.3959
35908.562	    36.0577
35910.086	    39.3959
35911.469	    43.3839
35912.992	    39.3959
35914.430	    41.7246
35915.781	    44.3787
35917.141	    44.1501
35918.445	    45.9770
35919.789	    44.6429
35921.297	    39.7878
35922.820	    39.3959
35924.305	    40.4313
35925.852	    38.7847
35927.383	    39.1901
35928.859	    40.6229
35930.359	    40.0000
35931.766	    42.6743
35933.203	    41.7246
35934.648	    41.5225
35936.070	    42.1941
35937.453	    43.3839
35938.945	    40.2145
35940.414	    40.8441
35941.891	    40.6229
35943.406	    39.5778
35944.984	    38.0228
35946.500	    39.5778
35947.969	    40.8441
35949.508	    38.9864
35950.938	    41.9580
35952.312	    43.6364
35953.812	    40.0000
35955.266	    41.2939
35956.688	    42.1941
35958.172	    40.4313
35959.633	    41.0678
35961.172	    38.9864
35962.930	    34.1297
35964.469	    38.9864
35966.000	    39.1901
35967.586	    37.8310
35969.141	    38.5852
35970.648	    39.7878
35972.156	    39.7878
35973.742	    37.8310
35975.242	    40.0000
35976.688	    41.5225
35978.203	    39.5778
35979.734	    39.1901
35981.188	    41.2939
35982.664	    40.6229
35984.227	    38.4123
35985.680	    41.2939
35987.094	    42.4328
35988.617	    39.3959
35990.094	    40.6229
35991.516	    42.1941
35993.039	    39.3959
35994.539	    40.0000
35995.961	    42.1941
35997.336	    43.6364
35998.828	    40.2145
36000.352	    39.3959
36001.805	    41.2939
36003.461	    36.2319
36004.984	    39.3959
36006.430	    41.5225
36007.961	    39.1901
36009.523	    38.4123
36010.914	    43.1344
36012.336	    42.1941
36013.852	    39.5778
36015.320	    40.8441
36016.773	    41.2939
36018.180	    42.6743
36019.734	    38.5852
36021.133	    42.9185
36022.586	    41.2939
36024.172	    37.8310
36025.711	    38.9864
36027.219	    39.7878
36028.805	    37.8310
36030.383	    38.0228
36031.836	    41.2939
36033.367	    39.1901
36034.883	    39.5778
36036.383	    40.0000
36037.859	    40.6229
36039.445	    37.8310
36041.039	    37.6412
36042.578	    38.9864
36044.188	    37.2902
36045.859	    35.8852
36047.422	    38.4123
36048.898	    40.6229
36050.508	    37.2902
36052.047	    38.9864
36053.523	    40.6229
36055.078	    38.5852
36056.555	    40.6229
36058.008	    41.2939
36059.562	    38.5852
36061.055	    40.2145
36062.461	    42.6743
36063.914	    41.2939
36065.414	    40.0000
36066.844	    41.9580
36068.219	    43.6364
36069.695	    40.6229
36071.141	    41.5225
36072.562	    42.1941
36074.141	    38.0228
36075.680	    38.9864
36077.133	    41.2939
36078.703	    38.2166
36080.203	    40.0000
36081.578	    43.6364
36083.031	    41.2939
36084.625	    37.6412
36086.195	    38.2166
36087.703	    39.7878
36089.281	    38.0228
36090.938	    36.2319
36092.430	    40.2145
36093.875	    41.5225
36095.391	    39.5778
36096.844	    41.2939
36098.234	    43.1344
36099.633	    42.9185
36101.094	    41.0678
36102.617	    39.3959
36104.055	    41.7246
36105.508	    41.2939
36106.992	    40.4313
36108.492	    40.0000
36109.883	    43.1344
36111.414	    39.1901
36112.930	    39.5778
36114.445	    39.5778
36115.891	    41.5225
36117.305	    42.4328
36118.797	    40.2145
36120.203	    42.6743
36121.719	    39.5778
36123.320	    37.4532
36124.844	    39.3959
36126.328	    40.4313
36127.891	    38.4123
36129.383	    40.2145
36130.898	    39.5778
36132.469	    38.2166
36134.000	    39.1901
36135.445	    41.5225
36137.023	    38.0228
36138.555	    39.1901
36139.992	    41.7246
36141.531	    38.9864
36143.016	    40.4313
36144.422	    42.6743
36145.961	    38.9864
36147.477	    39.5778
36148.906	    41.9580
36150.375	    40.8441
36151.992	    37.1058
36153.438	    41.5225
36154.969	    39.1901
36156.414	    41.5225
36157.789	    43.6364
36159.133	    44.6429
36160.484	    44.3787
36161.953	    40.8441
36163.352	    42.9185
36164.719	    43.8917
36166.227	    39.7878
36167.672	    41.5225
36169.070	    42.9185
36170.523	    41.2939
36171.977	    41.2939
36173.367	    43.1344
36174.844	    40.6229
36176.352	    39.7878
36177.820	    40.8441
36179.297	    40.6229
36180.922	    36.9231
36182.508	    37.8310
36183.984	    40.6229
36185.602	    37.1058
36187.117	    39.5778
36188.562	    41.5225
36190.156	    37.6412
36191.719	    38.4123
36193.242	    39.3959
36194.672	    41.9580
36196.219	    38.7847
36197.711	    40.2145
36199.156	    41.5225
36200.750	    37.6412
36202.266	    39.5778
36203.789	    39.3959
36205.211	    42.1941
36206.750	    38.9864
36208.273	    39.3959
36209.727	    41.2939
36211.312	    37.8310
36212.805	    40.2145
36214.234	    41.9580
36215.766	    39.1901
36217.219	    41.2939
36218.656	    41.7246
36219.953	    46.2606
36221.289	    44.9102
36222.570	    46.8384
36223.820	    48.0000
36225.188	    43.8917
36226.594	    42.6743
36227.945	    44.3787
36229.445	    40.0000
36230.852	    42.6743
36232.234	    43.3839
36233.789	    38.5852
36235.227	    41.7246
36236.664	    41.7246
36238.141	    40.6229
36239.586	    41.5225
36241.070	    40.4313
36242.555	    40.4313
36244.039	    40.4313
36245.469	    41.9580
36246.969	    40.0000
36248.539	    38.2166
36249.992	    41.2939
36251.562	    38.2166
36253.094	    39.1901
36254.609	    39.5778
36256.273	    36.0577
36257.859	    37.8310
36259.352	    40.2145
36260.961	    37.2902
36262.570	    37.2902
36264.109	    38.9864
36265.695	    37.8310
36267.273	    38.0228
36268.797	    39.3959
36270.320	    39.3959
36271.898	    38.0228
36273.438	    38.9864
36274.906	    40.8441
36276.531	    36.9231
36278.031	    40.0000
36279.430	    42.9185
36280.953	    39.3959
36282.586	    36.7422
36284.195	    37.2902
36285.859	    36.0577
36287.516	    36.2319
36289.172	    36.2319
36290.836	    36.0577
36292.242	    42.6743
36293.523	    46.8384
36294.797	    47.1328
36296.180	    43.3839
36297.578	    42.9185
36298.914	    44.9102
36300.227	    45.7317
36301.500	    47.1328
36302.695	    50.2092
36303.930	    48.6224
36305.211	    46.8384
36306.414	    49.8753
36307.578	    51.5464
36308.742	    51.5464
36309.820	    55.6586
36311.055	    48.6224
36312.258	    49.8753
36313.445	    50.5051
36314.594	    52.2648
36315.758	    51.5464
36316.883	    53.3333
36318.062	    50.8475
36319.297	    48.6224
36320.547	    48.0000
36321.734	    50.5051
36323.031	    46.2606
36324.461	    41.9580
36325.773	    45.7317
36327.266	    40.2145
36328.859	    37.6412
36330.375	    39.5778
36331.750	    43.6364
36333.164	    42.4328
36334.664	    40.0000
36336.117	    41.2939
36337.430	    45.7317
36338.992	    38.4123
36340.625	    36.7422
36342.188	    38.4123
36343.641	    41.2939
36345.203	    38.4123
36346.742	    38.9864
36348.203	    41.0678
36349.648	    41.5225
36351.133	    40.4313
36352.578	    41.5225
36353.992	    42.4328
36355.492	    40.0000
36357.000	    39.7878
36358.398	    42.9185
36359.789	    43.1344
36361.211	    42.1941
36362.641	    41.9580
36364.055	    42.4328
36365.422	    43.8917
36366.852	    41.9580
36368.281	    41.9580
36369.695	    42.4328
36371.016	    45.4545
36372.391	    43.6364
36373.773	    43.3839
36375.109	    44.9102
36376.422	    45.7317
36377.664	    48.3092
36378.875	    49.5458
36380.188	    45.7317
36381.414	    48.8998
36382.680	    47.3934
36383.977	    46.2606
36385.266	    46.5477
36386.570	    45.9770
36387.945	    43.6364
36389.242	    46.2606
36390.484	    48.3092
36391.812	    45.1807
36393.141	    45.1807
36394.500	    44.1501
36395.961	    41.0678
36397.547	    37.8310
36399.070	    39.3959
36400.516	    41.5225
36402.008	    40.2145
36403.469	    41.0678
36404.898	    41.9580
36406.391	    40.2145
36407.898	    39.7878
36409.367	    40.8441
36410.727	    44.1501
36412.164	    41.7246
36413.695	    39.1901
36415.172	    40.6229
36416.586	    42.4328
36418.094	    39.7878
36419.602	    39.7878
36421.078	    40.6229
36422.492	    42.4328
36423.938	    41.5225
36425.430	    40.2145
36426.844	    42.4328
36428.219	    43.6364
36429.602	    43.3839
36431.016	    42.4328
36432.406	    43.1344
36433.766	    44.1501
36435.180	    42.4328
36436.617	    41.7246
36438.055	    41.7246
36439.445	    43.1344
36440.938	    40.2145
36442.422	    40.4313
36443.898	    40.6229
36445.320	    42.1941
36446.820	    40.0000
36448.391	    38.2166
36449.812	    42.1941
36451.172	    44.1501
36452.586	    42.4328
36453.859	    47.1328
36455.164	    45.9770
36456.445	    46.8384
36457.867	    42.1941
36459.320	    41.2939
36460.727	    42.6743
36462.250	    39.3959
36463.789	    38.9864
36465.234	    41.5225
36466.586	    44.3787
36468.008	    42.1941
36469.398	    43.1344
36470.750	    44.3787
36472.117	    43.8917
36473.539	    42.1941
36475.008	    40.8441
36476.523	    39.5778
36478.078	    38.5852
36479.656	    38.0228
36481.039	    43.3839
36482.477	    41.7246
36483.914	    41.7246
36485.352	    41.7246
36486.953	    37.4532
36488.547	    37.6412
36490.141	    37.6412
36491.664	    39.3959
36493.289	    36.9231
36494.820	    39.1901
36496.305	    40.4313
36497.734	    41.9580
36499.227	    40.2145
36500.734	    39.7878
36502.133	    42.9185
36503.555	    42.1941
36505.031	    40.6229
36506.531	    40.0000
36507.961	    41.9580
36509.469	    39.7878
36511.039	    38.2166
36512.547	    39.7878
36513.961	    42.4328
36515.461	    40.0000
36516.969	    39.7878
36518.484	    39.5778
36519.891	    42.6743
36521.414	    39.3959
36522.891	    40.6229
36524.320	    41.9580
36525.727	    42.6743
36527.188	    41.0678
36528.672	    40.4313
36530.023	    44.3787
36531.492	    40.8441
36533.008	    39.5778
36534.508	    40.0000
36536.000	    40.2145
36537.617	    37.1058
36539.156	    38.9864
36540.633	    40.6229
36542.125	    40.2145
36543.555	    41.9580
36544.953	    42.9185
36546.414	    41.0678
36547.852	    41.7246
36549.273	    42.1941
36550.664	    43.1344
36552.078	    42.4328
36553.492	    42.4328
36554.922	    41.9580
36556.312	    43.1344
36557.742	    41.9580
36559.250	    39.7878
36560.781	    39.1901
36562.250	    40.8441
36563.828	    38.0228
36565.391	    38.4123
36566.844	    41.2939
36568.250	    42.6743
36569.633	    43.3839
36571.141	    39.7878
36572.641	    40.0000
36574.047	    42.6743
36575.555	    39.7878
36577.148	    37.6412
36578.672	    39.3959
36580.289	    37.1058
36581.812	    39.3959
36583.281	    40.8441
36584.742	    41.0678
36586.195	    41.2939
36587.555	    44.1501
36588.969	    42.4328
36590.383	    42.4328
36591.727	    44.6429
36593.195	    40.8441
36594.609	    42.4328
36596.078	    40.8441
36597.586	    39.7878
36599.086	    40.0000
36600.523	    41.7246
36601.953	    41.9580
36603.406	    41.2939
36604.867	    41.0678
36606.305	    41.7246
36607.789	    40.4313
36609.289	    40.0000
36610.688	    42.9185
36612.078	    43.1344
36613.492	    42.4328
36614.969	    40.6229
36616.422	    41.2939
36617.875	    41.2939
36619.367	    40.2145
36620.875	    39.7878
36622.383	    39.7878
36623.797	    42.4328
36625.211	    42.4328
36626.570	    44.1501
36627.812	    48.3092
36629.047	    48.6224
36630.211	    51.5464
36631.406	    50.2092
36632.594	    50.5051
36633.758	    51.5464
36634.922	    51.5464
36636.102	    50.8475
36637.289	    50.5051
36638.477	    50.5051
36639.648	    51.1945
36640.812	    51.5464
36641.953	    52.5854
36643.094	    52.5854
36644.188	    54.8446
36645.250	    56.4972
36646.289	    57.7478
36647.336	    57.3066
36648.414	    55.6586
36649.664	    48.0000
36650.891	    48.8998
36652.008	    53.7153
36653.078	    56.0748
36654.141	    56.4972
36655.164	    58.6510
36656.141	    61.4125
36657.094	    62.9591
36658.062	    61.9195
36659.008	    63.4921
36659.969	    62.4350
36660.961	    60.4839
36662.062	    54.4465
36663.336	    47.1328
36664.664	    45.1807
36665.906	    48.3092
36667.117	    49.5458
36668.328	    49.5458
36669.523	    50.2092
36670.758	    48.6224
36672.039	    46.8384
36673.328	    46.5477
36674.602	    47.1328
36676.008	    42.6743
36677.414	    42.6743
36678.797	    43.3839
36680.156	    44.1501
36681.531	    43.6364
36682.867	    44.9102
36684.164	    46.2606
36685.406	    48.3092
36686.656	    48.0000
36688.039	    43.3839
36689.570	    39.1901
36690.984	    42.4328
36692.523	    38.9864
36694.078	    38.5852
36695.656	    38.0228
36697.188	    39.1901
36698.727	    38.9864
36700.406	    35.7143
36702.000	    37.6412
36703.477	    40.6229
36704.945	    40.8441
36706.438	    40.2145
36707.922	    40.4313
36709.375	    41.2939
36710.789	    42.4328
36712.258	    40.8441
36713.727	    40.8441
36715.109	    43.3839
36716.578	    40.8441
36718.055	    40.6229
36719.531	    40.6229
36720.906	    43.6364
36722.344	    41.7246
36723.836	    40.2145
36725.273	    41.7246
36726.617	    44.6429
36727.914	    46.2606
36729.188	    47.1328
36730.609	    42.1941
36731.953	    44.6429
36733.398	    41.5225
36734.961	    38.4123
36736.516	    38.5852
36737.953	    41.7246
36739.469	    39.5778
36741.000	    39.1901
36742.500	    40.0000
36744.023	    39.3959
36745.570	    38.7847
36747.133	    38.4123
36748.641	    39.7878
36750.180	    38.9864
36751.695	    39.5778
36753.234	    38.9864
36754.789	    38.5852
36756.297	    39.7878
36757.883	    37.8310
36759.430	    38.7847
36760.930	    40.0000
36762.344	    42.4328
36763.852	    39.7878
36765.336	    40.4313
36766.766	    41.9580
36768.141	    43.6364
36769.547	    42.6743
36770.992	    41.5225
36772.375	    43.3839
36773.742	    43.8917
36775.234	    40.2145
36776.742	    39.7878
36778.211	    40.8441
36779.688	    40.6229
36781.211	    39.3959
36782.711	    40.0000
36784.125	    42.4328
36785.633	    39.7878
36787.109	    40.6229
36788.516	    42.6743
36789.953	    41.7246
36791.492	    38.9864
36793.047	    38.5852
36794.555	    39.7878
36795.992	    41.7246
36797.500	    39.7878
36799.039	    38.9864
36800.547	    39.7878
36801.984	    41.7246
36803.367	    43.3839
36804.812	    41.5225
36806.211	    42.9185
36807.656	    41.5225
36809.070	    42.4328
36810.461	    43.1344
36811.930	    40.8441
36813.406	    40.6229
36814.852	    41.5225
36816.383	    39.1901
36817.836	    41.2939
36819.281	    41.5225
36820.781	    40.0000
36822.164	    43.3839
36823.516	    44.3787
36824.938	    42.1941
36826.367	    41.9580
36827.773	    42.6743
36829.398	    36.9231
36831.062	    36.0577
36832.609	    38.7847
36834.148	    38.9864
36835.703	    38.5852
36837.227	    39.3959
36838.711	    40.4313
36840.227	    39.5778
36841.812	    37.8310
36843.352	    38.9864
36844.867	    39.5778
36846.445	    38.0228
36847.922	    40.6229
36849.320	    42.9185
36850.750	    41.9580
36852.227	    40.6229
36853.594	    43.8917
36855.023	    41.9580
36856.531	    39.7878
36857.992	    41.0678
36859.398	    42.6743
36860.898	    40.0000
36862.398	    40.0000
36863.883	    40.4313
36865.344	    41.0678
36866.828	    40.4313
36868.406	    38.0228
36869.906	    40.0000
36871.336	    41.9580
36872.852	    39.5778
36874.398	    38.7847
36875.883	    40.4313
36877.336	    41.2939
36878.875	    38.9864
36880.453	    38.0228
36881.945	    40.2145
36883.352	    42.6743
36884.930	    38.0228
36886.453	    39.3959
36887.938	    40.4313
36889.422	    40.4313
36890.961	    38.9864
36892.422	    41.0678
36893.711	    46.5477
36895.055	    44.6429
36896.492	    41.7246
36897.930	    41.7246
36899.312	    43.3839
36900.844	    39.1901
36902.414	    38.2166
36903.906	    40.2145
36905.461	    38.5852
36907.008	    38.7847
36908.531	    39.3959
36909.961	    41.9580
36911.586	    36.9231
36913.164	    38.0228
36914.695	    39.1901
36916.305	    37.2902
36917.969	    36.0577
36919.484	    39.5778
36921.047	    38.4123
36922.719	    35.8852
36924.328	    37.2902
36925.930	    37.4532
36927.562	    36.7422
36929.148	    37.8310
36930.672	    39.3959
36932.188	    39.5778
36933.750	    38.4123
36935.273	    39.3959
36936.711	    41.7246
36938.234	    39.3959
36939.844	    37.2902
36941.344	    40.0000
36942.766	    42.1941
36944.289	    39.3959
36945.852	    38.4123
36947.320	    40.8441
36948.680	    44.1501
36950.055	    43.6364
36951.648	    37.6412
36953.156	    39.7878
36954.586	    41.9580
36956.039	    41.2939
36957.516	    40.6229
36959.031	    39.5778
36960.625	    37.6412
36962.180	    38.5852
36963.664	    40.4313
36965.211	    38.7847
36966.773	    38.4123
36968.328	    38.5852
36969.875	    38.7847
36971.438	    38.4123
36972.961	    39.3959
36974.555	    37.6412
36976.117	    38.4123
36977.648	    39.1901
36979.242	    37.6412
36980.836	    37.6412
36982.406	    38.2166
36983.883	    40.6229
36985.430	    38.7847
36986.930	    40.0000
36988.289	    44.1501
36989.688	    42.9185
36991.117	    41.9580
36992.484	    43.8917
36994.109	    36.9231
36995.680	    38.2166
36997.250	    38.2166
36998.727	    40.6229
37000.273	    38.7847
37001.750	    40.6229
37003.141	    43.1344
37004.555	    42.4328
37005.992	    41.7246
37007.539	    38.7847
37009.070	    39.1901
37010.828	    34.1297
37012.562	    34.6021
37014.094	    39.1901
37015.555	    41.0678
37016.961	    42.6743
37018.312	    44.3787
37019.680	    43.8917
37021.195	    39.5778
37022.742	    38.7847
37024.227	    40.4313
37025.773	    38.7847
37027.289	    39.5778
37028.742	    41.2939
37030.141	    42.9185
37031.531	    43.1344
37032.922	    43.1344
37034.281	    44.1501
37035.734	    41.2939
37037.203	    40.8441
37038.625	    42.1941
37040.008	    43.3839
37041.469	    41.0678
37042.961	    40.2145
37044.461	    40.0000
37045.891	    41.9580
37047.422	    39.1901
37048.984	    38.4123
37050.469	    40.4313
37051.938	    40.8441
37053.492	    38.5852
37055.062	    38.2166
37056.555	    40.2145
37058.039	    40.4313
37059.625	    37.8310
37061.141	    39.5778
37062.766	    36.9231
37064.484	    34.9040
37066.125	    36.5631
37067.609	    40.4313
37069.188	    38.0228
37070.867	    35.7143
37072.383	    39.5778
37073.906	    39.3959
37075.508	    37.4532
37077.039	    39.1901
37078.570	    39.1901
37080.172	    37.4532
37081.773	    37.4532
37083.305	    39.1901
37084.773	    40.8441
37086.359	    37.8310
37087.883	    39.3959
37089.312	    41.9580
37090.883	    38.2166
37092.461	    38.0228
37093.938	    40.6229
37095.469	    39.1901
37096.836	    43.8917
37098.352	    39.5778
37099.867	    39.5778
37101.367	    40.0000
37102.953	    37.8310
37104.523	    38.2166
37106.023	    40.0000
37107.570	    38.7847
37109.172	    37.4532
37110.766	    37.6412
37112.297	    39.1901
37113.930	    36.7422
37115.594	    36.0577
37117.125	    39.1901
37118.609	    40.4313
37120.180	    38.2166
37121.750	    38.2166
37123.242	    40.2145
37124.805	    38.4123
37126.414	    37.2902
37127.922	    39.7878
37129.547	    36.9231
37131.102	    38.5852
37132.508	    42.6743
37134.016	    39.7878
37135.484	    40.8441
37136.898	    42.4328
37138.453	    38.5852
37139.984	    39.1901
37141.430	    41.5225
37142.859	    41.9580
37144.438	    38.0228
37146.039	    37.4532
37147.508	    40.8441
37149.047	    38.9864
37150.617	    38.2166
37152.125	    39.7878
37153.641	    39.5778
37155.188	    38.7847
37156.688	    40.0000
37158.102	    42.4328
37159.594	    40.2145
37161.078	    40.4313
37162.484	    42.6743
37163.805	    45.4545
37165.141	    44.9102
37166.398	    47.6948
37167.695	    46.2606
37168.945	    48.0000
37170.297	    44.3787
37171.648	    44.3787
37173.180	    39.1901
37174.750	    38.2166
37176.305	    38.5852
37177.719	    42.4328
37179.359	    36.5631
37181.000	    36.5631
37182.469	    40.8441
37183.938	    40.8441
37185.570	    36.7422
37187.070	    40.0000
37188.406	    44.9102
37189.758	    44.3787
37191.094	    44.9102
37192.453	    44.1501
37194.031	    38.0228
37195.633	    37.4532
37197.398	    33.9751
37199.117	    34.9040
37200.734	    37.1058
37202.234	    40.0000
37203.836	    37.4532
37205.445	    37.2902
37207.047	    37.4532
37208.617	    38.2166
37210.258	    36.5631
37211.883	    36.9231
37213.453	    38.2166
37214.938	    40.4313
37216.578	    36.5631
37218.195	    37.1058
37219.742	    38.7847
37221.234	    40.2145
37222.922	    35.5450
37224.570	    36.4078
37226.172	    37.4532
37227.656	    40.4313
37229.242	    37.8310
37230.828	    37.8310
37232.320	    40.2145
37233.859	    38.9864
37235.391	    39.1901
37236.859	    40.8441
37238.516	    36.2319
37240.133	    37.1058
37241.609	    40.6229
37243.016	    42.6743
37244.523	    39.7878
37246.109	    37.8310
37247.578	    40.8441
37249.062	    40.4313
37250.570	    39.7878
37252.039	    40.8441
37253.406	    43.8917
37254.844	    41.7246
37256.266	    42.1941
37257.641	    43.6364
37259.039	    42.9185
37260.406	    43.8917
37261.953	    38.7847
37263.602	    36.4078
37265.141	    38.9864
37266.641	    40.0000
37268.180	    38.9864
37269.766	    37.8310
37271.273	    39.7878
37272.852	    38.0228
37274.391	    38.9864
37275.859	    40.8441
37277.297	    41.7246
37278.633	    44.9102
37279.984	    44.3787
37281.352	    43.8917
37282.812	    41.0678
37284.539	    34.7423
37286.188	    36.4078
37287.727	    38.9864
37289.328	    37.4532
37290.984	    36.2319
37292.516	    39.1901
37293.953	    41.7246
37295.586	    36.7422
37297.188	    37.4532
37298.680	    40.2145
37300.477	    33.3890
37302.117	    36.5631
37303.633	    39.5778
37305.328	    35.3982
37306.914	    37.8310
37308.422	    39.7878
37310.078	    36.2319
37311.664	    37.8310
37313.188	    39.3959
37314.664	    40.6229
37316.258	    37.6412
37317.984	    34.7423
37319.633	    36.4078
37321.188	    38.5852
37322.828	    36.5631
37324.422	    37.6412
37325.945	    39.3959
37327.492	    38.7847
37329.031	    38.9864
37330.625	    37.6412
37332.133	    39.7878
37333.656	    39.3959
37335.320	    36.0577
37336.867	    38.7847
37338.367	    40.0000
37340.047	    35.7143
37341.602	    38.5852
37343.039	    41.7246
37344.438	    42.9185
37345.930	    40.2145
37347.430	    40.0000
37348.852	    42.1941
37350.539	    35.5450
37352.156	    37.1058
37353.688	    39.1901
37355.172	    40.4313
37356.758	    37.8310
37358.305	    38.7847
37359.758	    41.2939
37361.133	    43.6364
37362.484	    44.3787
37363.836	    44.3787
37365.102	    47.3934
37366.367	    47.3934
37367.602	    48.6224
37368.977	    43.6364
37370.273	    46.2606
37371.656	    43.3839
37373.039	    43.3839
37374.406	    43.8917
37375.727	    45.4545
37377.156	    41.9580
37378.695	    38.9864
37380.266	    38.2166
37381.828	    38.4123
37383.531	    35.2319
37385.195	    36.0577
37386.750	    38.5852
37388.336	    37.8310
37390.031	    35.3982
37391.688	    36.2319
37393.273	    37.8310
37394.875	    37.4532
37396.648	    33.8409
37398.375	    34.7423
37400.008	    36.7422
37401.523	    39.5778
37403.164	    36.5631
37404.797	    36.7422
37406.359	    38.4123
37407.852	    40.2145
37409.453	    37.4532
37410.992	    38.9864
37412.383	    43.1344
37413.750	    43.8917
37415.102	    44.3787
37416.422	    45.4545
37418.062	    36.5631
37419.672	    37.2902
37421.211	    38.9864
37422.789	    38.0228
37424.281	    40.2145
37425.750	    40.8441
37427.164	    42.4328
37428.688	    39.3959
37430.195	    39.7878
37431.656	    41.0678
37433.156	    40.0000
37434.797	    36.5631
37436.414	    37.1058
37438.008	    37.6412
37439.578	    38.2166
37441.148	    38.2166
37442.664	    39.5778
37444.156	    40.2145
37445.852	    35.3982
37447.492	    36.5631
37449.016	    39.3959
37450.695	    35.7143
37452.297	    37.4532
37453.867	    38.2166
37455.414	    38.7847
37456.945	    39.1901
37458.422	    40.6229
37459.867	    41.5225
37461.469	    37.4532
37463.117	    36.4078
37464.625	    39.7878
37466.109	    40.4313
37467.641	    39.1901
37469.164	    39.3959
37470.609	    41.5225
37472.250	    36.5631
37473.875	    36.9231
37475.281	    42.6743
37476.641	    44.1501
37478.008	    43.8917
37479.359	    44.3787
37480.641	    46.8384
37481.898	    47.6948
37483.297	    42.9185
37484.758	    41.0678
37486.180	    42.1941
37487.477	    46.2606
37488.867	    43.1344
37490.336	    40.8441
37491.797	    41.0678
37493.227	    41.9580
37494.742	    39.5778
37496.289	    38.7847
37497.805	    39.5778
37499.344	    38.9864
37500.984	    36.5631
37502.570	    37.8310
37504.148	    38.0228
37505.594	    41.5225
37507.117	    39.3959
37508.719	    37.4532
37510.227	    39.7878
37511.977	    34.2857
37513.656	    35.7143
37515.258	    37.4532
37516.789	    39.1901
37518.414	    36.9231
37520.039	    36.9231
37521.555	    39.5778
37522.898	    44.6429
37524.328	    41.9580
37525.766	    41.7246
37527.227	    41.0678
37529.102	    32.0000
37530.711	    37.2902
37532.258	    38.7847
37533.898	    36.5631
37535.516	    37.1058
37537.023	    39.7878
37538.594	    38.2166
37540.133	    38.9864
37541.617	    40.4313
37543.086	    40.8441
37544.570	    40.4313
37546.086	    39.5778
37547.555	    40.8441
37549.000	    41.5225
37550.398	    42.9185
37551.727	    45.1807
37553.094	    43.8917
37554.414	    45.4545
37555.680	    47.3934
37557.008	    45.1807
37558.359	    44.3787
37559.844	    40.4313
37561.438	    37.6412
37563.055	    37.1058
37564.547	    40.2145
37566.016	    40.8441
37567.500	    40.4313
37568.930	    41.9580
37570.359	    41.9580
37571.930	    38.2166
37573.500	    38.2166
37575.016	    39.5778
37576.586	    38.2166
37578.289	    35.2319
37579.891	    37.4532
37581.375	    40.4313
37582.938	    38.4123
37584.547	    37.2902
37586.109	    38.4123
37587.656	    38.7847
37589.227	    38.2166
37590.812	    37.8310
37592.375	    38.4123
37594.047	    35.8852
37595.672	    36.9231
37597.297	    36.9231
37598.812	    39.5778
37600.297	    40.4313
37601.852	    38.5852
37603.422	    38.2166
37604.914	    40.2145
37606.336	    42.1941
37607.859	    39.3959
37609.406	    38.7847
37610.875	    40.8441
37612.391	    39.5778
37613.953	    38.4123
37615.422	    40.8441
37616.703	    46.8384
37618.039	    44.9102
37619.344	    45.9770
37620.602	    47.6948
37621.945	    44.6429
37623.188	    48.3092
37624.492	    45.9770
37625.852	    44.1501
37627.242	    43.1344
37628.516	    47.1328
37629.875	    44.1501
37631.273	    42.9185
37632.742	    40.8441
37634.234	    40.2145
37635.688	    41.2939
37637.359	    35.8852
37638.961	    37.4532
37640.570	    37.2902
37642.164	    37.6412
37643.891	    34.7423
37645.602	    35.0672
37647.289	    35.5450
37648.820	    39.1901
37650.508	    35.5450
37652.102	    37.6412
37653.641	    38.9864
37655.172	    39.1901
37656.859	    35.5450
37658.406	    38.7847
37659.844	    41.7246
37661.359	    39.5778
37662.883	    39.3959
37664.438	    38.5852
37665.852	    42.4328
37667.320	    40.8441
37668.773	    41.2939
37670.203	    41.9580
37671.742	    38.9864
37673.266	    39.3959
37674.742	    40.6229
37676.281	    38.9864
37677.766	    40.4313
37679.164	    42.9185
37680.656	    40.2145
37682.117	    41.0678
37683.500	    43.3839
37685.125	    36.9231
37686.844	    34.9040
37688.391	    38.7847
37690.000	    37.2902
37691.531	    39.1901
37693.078	    38.7847
37694.734	    36.2319
37696.297	    38.4123
37697.781	    40.4313
37699.305	    39.3959
37700.797	    40.2145
37702.297	    40.0000
37703.766	    40.8441
37705.289	    39.3959
37706.844	    38.5852
37708.375	    39.1901
37709.953	    38.0228
37711.500	    38.7847
37712.992	    40.2145
37714.555	    38.4123
37716.117	    38.4123
37717.633	    39.5778
37719.023	    43.1344
37720.500	    40.6229
37722.039	    38.9864
37723.539	    40.0000
37724.969	    41.9580
37726.539	    38.2166
37728.086	    38.7847
37729.523	    41.7246
37730.969	    41.5225
37732.516	    38.7847
37733.969	    41.2939
37735.328	    44.1501
37736.781	    41.2939
37738.195	    42.4328
37739.641	    41.5225
37741.086	    41.5225
37742.555	    40.8441
37743.922	    43.8917
37745.305	    43.3839
37746.766	    41.0678
37748.227	    41.0678
37749.797	    38.2166
37751.359	    38.4123
37752.773	    42.4328
37754.234	    41.0678
37755.805	    38.2166
37757.484	    35.7143
37759.133	    36.4078
37760.656	    39.3959
37762.242	    37.8310
37763.859	    37.1058
37765.406	    38.7847
37767.031	    36.9231
37768.562	    39.1901
37769.977	    42.4328
37771.438	    41.0678
37773.078	    36.5631
37774.703	    36.9231
37776.242	    38.9864
37777.875	    36.7422
37779.562	    35.5450
37781.148	    37.8310
37782.789	    36.5631
37784.484	    35.3982
37786.148	    36.0577
37787.719	    38.2166
37789.141	    42.1941
37790.617	    40.6229
37792.016	    42.9185
37793.406	    43.1344
37795.039	    36.7422
37796.578	    38.9864
37798.062	    40.4313
37799.695	    36.7422
37801.266	    38.2166
37802.734	    40.8441
37804.312	    38.0228
37805.844	    39.1901
37807.383	    38.9864
37808.969	    37.8310
37810.477	    39.7878
37812.031	    38.5852
37813.633	    37.4532
37815.180	    38.7847
37816.664	    40.4313
37818.344	    35.7143
37820.000	    36.2319
37821.602	    37.4532
37823.281	    35.7143
37824.914	    36.7422
37826.469	    38.5852
37827.984	    39.5778
37829.539	    38.5852
37831.094	    38.5852
37832.555	    41.0678
37834.070	    39.5778
37835.641	    38.2166
37837.133	    40.2145
37838.617	    40.4313
37840.125	    39.7878
37841.688	    38.4123
37843.188	    40.0000
37844.641	    41.2939
37846.211	    38.2166
37847.797	    37.8310
37849.305	    39.7878
37850.742	    41.7246
37852.258	    39.5778
37853.805	    38.7847
37855.219	    42.4328
37856.750	    39.1901
37858.242	    40.2145
37859.680	    41.7246
37861.070	    43.1344
37862.422	    44.3787
37863.773	    44.3787
37865.164	    43.1344
37866.852	    35.5450
37868.445	    37.6412
37870.070	    36.9231
37871.695	    36.9231
37873.234	    38.9864
37874.773	    38.9864
37876.414	    36.5631
37877.969	    38.5852
37879.430	    41.0678
37881.000	    38.2166
37882.617	    37.1058
37884.211	    37.6412
37885.828	    37.1058
37887.352	    39.3959
37888.867	    39.5778
37890.531	    36.0577
37892.336	    33.2410
37894.047	    35.0672
37895.711	    36.0577
37897.438	    34.7423
37899.055	    37.1058
37900.562	    39.7878
37902.062	    40.0000
37903.570	    39.7878
37905.086	    39.5778
37906.539	    41.2939
37908.070	    39.1901
37909.633	    38.4123
37911.195	    38.4123
37912.648	    41.2939
37914.211	    38.4123
37915.758	    38.7847
37917.172	    42.4328
37918.594	    42.1941
37919.984	    43.1344
37921.250	    47.3934
37922.523	    47.1328
37923.773	    48.0000
37924.992	    49.2207
37926.227	    48.6224
37927.453	    48.8998
37928.773	    45.4545
37930.039	    47.3934
37931.508	    40.8441
37933.000	    40.2145
37934.484	    40.4313
37935.836	    44.3787
37937.250	    42.4328
37938.672	    42.1941
37940.102	    41.9580
37941.789	    35.5450
37943.477	    35.5450
37945.086	    37.2902
37946.656	    38.2166
37948.328	    35.8852
37950.016	    35.5450
37951.594	    38.0228
37953.148	    38.5852
37954.766	    37.1058
37956.391	    36.9231
37957.914	    39.3959
37959.391	    40.6229
37960.969	    38.0228
37962.578	    37.2902
37964.188	    37.2902
37965.836	    36.4078
37967.508	    35.8852
37969.055	    38.7847
37970.477	    42.1941
37972.070	    37.6412
37973.562	    40.2145
37974.992	    41.9580
37976.359	    43.8917
37977.828	    40.8441
37979.227	    42.9185
37980.586	    44.1501
37982.141	    38.5852
37983.703	    38.4123
37985.297	    37.6412
37986.945	    36.4078
37988.508	    38.4123
37989.961	    41.2939
37991.438	    40.6229
37992.844	    42.6743
37994.305	    41.0678
37996.016	    35.0672
37997.734	    34.9040
37999.453	    34.9040
38001.047	    37.6412
38002.547	    40.0000
38004.203	    36.2319
38005.969	    33.9751
38007.625	    36.2319
38009.156	    39.1901
38010.805	    36.4078
38012.461	    36.2319
38014.141	    35.7143
38015.812	    35.8852
38017.461	    36.4078
38019.070	    37.2902
38020.609	    38.9864
38021.961	    44.3787
38023.344	    43.3839
38024.719	    43.6364
38026.055	    44.9102
38027.383	    45.1807
38028.766	    43.3839
38030.055	    46.5477
38031.461	    42.6743
38032.812	    44.3787
38034.352	    38.9864
38035.922	    38.2166
38037.398	    40.6229
38038.898	    40.0000
38040.539	    36.5631
38042.180	    36.5631
38043.664	    40.4313
38045.367	    35.2319
38047.078	    35.0672
38048.734	    36.2319
38050.312	    38.0228
38051.781	    40.8441
38053.469	    35.5450
38055.039	    38.2166
38056.703	    36.0577
38058.266	    38.4123
38059.781	    39.5778
38061.344	    38.4123
38062.883	    38.9864
38064.352	    40.8441
38065.938	    37.8310
38067.594	    36.2319
38069.078	    40.4313
38070.555	    40.6229
38072.188	    36.7422
38073.742	    38.5852
38075.242	    40.0000
38076.867	    36.9231
38078.445	    38.0228
38079.898	    41.2939
38081.297	    42.9185
38082.859	    38.4123
38084.508	    36.4078
38085.992	    40.4313
38087.391	    42.9185
38088.883	    40.2145
38090.438	    38.5852
38091.984	    38.7847
38093.430	    41.5225
38094.938	    39.7878
38096.453	    39.5778
38097.938	    40.4313
38099.367	    41.9580
38101.070	    35.2319
38102.680	    37.2902
38104.289	    37.2902
38106.008	    34.9040
38107.594	    37.8310
38109.039	    41.5225
38110.391	    44.3787
38111.758	    43.8917
38113.070	    45.7317
38114.328	    47.6948
38115.797	    40.8441
38117.227	    41.9580
38118.562	    44.9102
38119.898	    44.9102
38121.211	    45.7317
38122.516	    45.9770
38123.758	    48.3092
38125.016	    47.6948
38126.305	    46.5477
38127.570	    47.3934
38128.930	    44.1501
38130.391	    41.0678
38131.750	    44.1501
38133.203	    41.2939
38134.750	    38.7847
38136.242	    40.2145
38137.781	    38.9864
38139.234	    41.2939
38140.828	    37.6412
38142.406	    38.0228
38143.758	    44.3787
38145.062	    45.9770
38146.352	    46.5477
38147.609	    47.6948
38148.844	    48.6224
38150.016	    51.1945
38151.133	    53.7153
38152.266	    52.9568
38153.281	    59.0551
38154.258	    61.4125
38155.219	    62.4350
38156.156	    63.9659
38157.086	    64.5161
38158.039	    62.9591
38159.023	    60.9756
38160.039	    59.0551
38161.633	    37.6412
38163.086	    41.2939
38164.555	    40.8441
38166.117	    38.4123
38167.523	    42.6743
38168.906	    43.3839
38170.320	    42.4328
38171.625	    45.9770
38173.016	    43.1344
38174.469	    41.2939
38175.742	    47.1328
38177.094	    44.3787
38178.398	    45.9770
38179.734	    44.9102
38181.039	    45.9770
38182.469	    41.9580
38183.938	    40.8441
38185.633	    35.3982
38187.281	    36.4078
38188.867	    37.8310
38190.422	    38.5852
38192.227	    33.2410
38193.930	    35.2319
38195.492	    38.4123
38197.094	    37.4532
38198.555	    41.0678
38200.125	    38.2166
38201.938	    33.1126
38203.617	    35.7143
38205.195	    38.0228
38206.734	    38.9864
38208.398	    36.0577
38210.055	    36.2319
38211.656	    37.4532
38213.203	    38.7847
38214.781	    38.0228
38216.422	    36.5631
38218.000	    38.0228
38219.602	    37.4532
38221.219	    37.1058
38222.742	    39.3959
38224.211	    40.8441
38225.719	    39.7878
38227.281	    38.4123
38228.773	    40.2145
38230.242	    40.8441
38231.797	    38.5852
38233.289	    40.2145
38234.750	    41.0678
38236.273	    39.3959
38237.781	    39.7878
38239.234	    41.2939
38240.734	    40.0000
38242.219	    40.4313
38243.641	    42.1941
38245.102	    41.0678
38246.500	    42.9185
38247.828	    45.1807
38249.172	    44.6429
38250.570	    42.9185
38251.977	    42.6743
38253.414	    41.7246
38255.000	    37.8310
38256.516	    39.5778
38257.945	    41.9580
38259.461	    39.5778
38260.961	    40.0000
38262.469	    39.7878
38264.031	    38.4123
38265.617	    37.8310
38267.156	    38.9864
38268.781	    36.9231
38270.367	    37.8310
38271.938	    38.2166
38273.523	    37.8310
38275.086	    38.4123
38276.586	    40.0000
38278.125	    38.9864
38279.750	    36.9231
38281.281	    39.1901
38282.898	    37.1058
38284.414	    39.5778
38285.891	    40.6229
38287.508	    37.1058
38289.000	    40.2145
38290.406	    42.6743
38291.883	    40.6229
38293.336	    41.2939
38294.719	    43.3839
38296.227	    39.7878
38297.664	    41.7246
38299.047	    43.3839
38300.531	    40.4313
38301.992	    41.0678
38303.375	    43.3839
38304.945	    38.2166
38306.422	    40.6229
38307.867	    41.5225
38309.461	    37.6412
38311.078	    37.1058
38312.516	    41.7246
38314.102	    37.8310
38315.609	    39.7878
38317.078	    40.8441
38318.562	    40.4313
38320.086	    39.3959
38321.594	    39.7878
38323.062	    40.8441
38324.602	    38.9864
38326.117	    39.5778
38327.609	    40.2145
38329.070	    41.0678
38330.852	    33.6889
38332.438	    37.8310
38333.984	    38.7847
38335.586	    37.4532
38337.109	    39.3959
38338.625	    39.5778
38340.180	    38.5852
38341.688	    39.7878
38343.109	    42.1941
38344.609	    40.0000
38345.984	    43.6364
38347.328	    44.6429
38348.609	    46.8384
38349.969	    44.1501
38351.320	    44.3787
38353.039	    34.9040
38354.523	    40.4313
38356.047	    39.3959
38357.570	    39.3959
38359.211	    36.5631
38360.695	    40.4313
38362.203	    39.7878
38363.891	    35.5450
38365.492	    37.4532
38366.961	    40.8441
38368.438	    40.6229
38369.891	    41.2939
38371.398	    39.7878
38372.852	    41.2939
38374.586	    34.6021
38376.188	    37.4532
38377.867	    35.7143
38379.508	    36.5631
38381.062	    38.5852
38382.523	    41.0678
38384.141	    37.1058
38385.711	    38.2166
38387.234	    39.3959
38388.836	    37.4532
38390.359	    39.3959
38391.844	    40.4313
38393.438	    37.6412
38394.961	    39.3959
38396.531	    38.2166
38398.133	    37.4532
38399.727	    37.6412
38401.219	    40.2145
38402.758	    38.9864
38404.258	    40.0000
38405.688	    41.9580
38407.211	    39.3959
38408.711	    40.0000
38410.109	    42.9185
38411.742	    36.7422
38413.250	    39.7878
38414.680	    41.9580
38416.234	    38.5852
38417.805	    38.2166
38419.328	    39.3959
38420.844	    39.5778
38422.438	    37.6412
38424.062	    36.9231
38425.633	    38.2166
38427.148	    39.5778
38428.789	    36.5631
38430.406	    37.1058
38431.945	    38.9864
38433.516	    38.2166
38435.102	    37.8310
38436.672	    38.2166
38438.188	    39.5778
38439.875	    35.5450
38441.391	    39.5778
38442.844	    41.2939
38444.305	    41.0678
38445.844	    38.9864
38447.461	    37.1058
38448.945	    40.4313
38450.594	    36.4078
38452.172	    38.0228
38453.633	    41.0678
38455.227	    37.6412
38456.836	    37.2902
38458.359	    39.3959
38459.797	    41.7246
38461.289	    40.2145
38462.789	    40.0000
38464.297	    39.7878
38465.758	    41.0678
38467.305	    38.7847
38468.836	    39.1901
38470.344	    39.7878
38471.773	    41.9580
38473.266	    40.2145
38474.734	    40.8441
38476.156	    42.1941
38477.578	    42.1941
38478.984	    42.6743
38480.453	    40.8441
38481.992	    38.9864
38483.461	    40.8441
38485.023	    38.4123
38486.453	    41.9580
38487.891	    41.7246
38489.359	    40.8441
38490.805	    41.5225
38492.195	    43.1344
38493.656	    41.0678
38495.094	    41.7246
38496.516	    42.1941
38498.008	    40.2145
38499.422	    42.4328
38500.898	    40.6229
38502.383	    40.4313
38503.898	    39.5778
38505.625	    34.7423
38507.320	    35.3982
38508.977	    36.2319
38510.555	    38.0228
38512.242	    35.5450
38513.828	    37.8310
38515.359	    39.1901
38516.883	    39.3959
38518.438	    38.5852
38520.047	    37.2902
38521.555	    39.7878
38523.008	    41.2939
38524.594	    37.8310
38526.203	    37.2902
38527.742	    38.9864
38529.273	    39.1901
38530.789	    39.5778
38532.328	    38.9864
38533.984	    36.2319
38535.617	    36.7422
38537.141	    39.3959
38538.930	    33.5383
38540.539	    37.2902
38542.148	    37.2902
38543.719	    38.2166
38545.180	    41.0678
38546.703	    39.3959
38548.422	    34.9040
38549.945	    39.3959
38551.469	    39.3959
38553.047	    38.0228
38554.422	    43.6364
38555.789	    43.8917
38557.172	    43.3839
38558.531	    44.1501
38560.008	    40.6229
38561.484	    40.6229
38562.914	    41.9580
38564.359	    41.5225
38565.758	    42.9185
38567.305	    38.7847
38568.719	    42.4328
38570.141	    42.1941
38571.609	    40.8441
38573.062	    41.2939
38574.586	    39.3959
38576.102	    39.5778
38577.594	    40.2145
38579.102	    39.7878
38580.570	    40.8441
38582.141	    38.2166
38583.750	    37.2902
38585.328	    38.0228
38586.820	    40.2145
38588.367	    38.7847
38589.977	    37.2902
38591.547	    38.2166
38592.984	    41.7246
38594.547	    38.4123
38596.258	    35.0672
38597.891	    36.7422
38599.422	    39.1901
38601.055	    36.7422
38602.625	    38.2166
38604.133	    39.7878
38605.742	    37.2902
38607.250	    39.7878
38608.680	    41.9580
38610.242	    38.4123
38611.734	    40.2145
38613.203	    40.8441
38614.727	    39.3959
38616.258	    39.1901
38617.789	    39.1901
38619.477	    35.5450
38621.078	    37.4532
38622.672	    37.6412
38624.281	    37.2902
38626.023	    34.4432
38627.617	    37.6412
38629.094	    40.6229
38630.797	    35.2319
38632.406	    37.2902
38633.859	    41.2939
38635.352	    40.2145
38636.781	    41.9580
38638.344	    38.4123
38640.188	    32.5380
38641.875	    35.5450
38643.547	    35.8852
38645.281	    34.6021
38646.906	    36.9231
38648.398	    40.2145
38649.844	    41.5225
38651.289	    41.5225
38652.844	    38.5852
38654.445	    37.4532
38656.156	    35.0672
38657.922	    33.9751
38659.602	    35.7143
38661.258	    36.2319
38662.938	    35.7143
38664.570	    36.7422
38666.133	    38.4123
38667.867	    34.6021
38669.609	    34.4432
38671.242	    36.7422
38672.734	    40.2145
38674.484	    34.2857
38676.094	    37.2902
38677.625	    39.1901
38679.094	    40.8441
38680.633	    38.9864
38682.188	    38.5852
38683.750	    38.4123
38685.227	    40.6229
38686.734	    39.7878
38688.352	    37.1058
38689.836	    40.4313
38691.477	    36.5631
38693.023	    38.7847
38694.555	    39.1901
38696.188	    36.7422
38697.789	    37.4532
38699.281	    40.2145
38700.930	    36.4078
38702.438	    39.7878
38703.836	    42.9185
38705.367	    39.1901
38706.961	    37.6412
38708.484	    39.3959
38710.133	    36.4078
38711.805	    35.8852
38713.336	    39.1901
38714.859	    39.3959
38716.422	    38.4123
38717.953	    39.1901
38719.391	    41.7246
38720.836	    41.5225
38722.273	    41.7246
38723.781	    39.7878
38725.641	    32.2754
38727.242	    37.4532
38728.961	    34.9040
38730.672	    35.0672
38732.328	    36.2319
38733.984	    36.2319
38735.609	    36.9231
38737.156	    38.7847
38738.750	    37.6412
38740.367	    37.1058
38741.984	    37.1058
38743.508	    39.3959
38745.047	    38.9864
38746.555	    39.7878
38748.039	    40.4313
38749.641	    37.4532
38751.211	    38.2166
38752.664	    41.2939
38754.258	    37.6412
38755.922	    36.0577
38757.438	    39.5778
38759.008	    38.2166
38760.688	    35.7143
38762.289	    37.4532
38763.805	    39.5778
38765.422	    37.1058
38766.969	    38.7847
38768.461	    40.2145
38769.938	    40.6229
38771.648	    35.0672
38773.281	    36.7422
38774.781	    40.0000
38776.414	    36.7422
38777.969	    38.5852
38779.438	    40.8441
38781.008	    38.2166
38782.688	    35.7143
38784.219	    39.1901
38785.711	    40.2145
38787.133	    42.1941
38788.594	    41.0678
38790.055	    41.0678
38791.719	    36.0577
38793.336	    37.1058
38794.945	    37.2902
38796.641	    35.3982
38798.234	    37.6412
38799.836	    37.4532
38801.516	    35.7143
38803.156	    36.5631
38804.828	    35.8852
38806.539	    35.0672
38808.070	    39.1901
38809.727	    36.2319
38811.414	    35.5450
38813.133	    34.9040
38814.688	    38.5852
38816.180	    40.2145
38817.750	    38.2166
38819.273	    39.3959
38820.781	    39.7878
38822.250	    40.8441
38823.805	    38.5852
38825.391	    37.8310
38826.828	    41.7246
38828.336	    39.7878
38829.898	    38.4123
38831.414	    39.5778
38832.875	    41.0678
38834.578	    35.2319
38836.188	    37.2902
38837.695	    39.7878
38839.383	    35.5450
38840.938	    38.5852
38842.430	    40.2145
38844.016	    37.8310
38845.578	    38.4123
38847.055	    40.6229
38848.469	    42.4328
38849.977	    39.7878
38851.586	    37.2902
38853.250	    36.0577
38854.844	    37.6412
38856.336	    40.2145
38858.016	    35.7143
38859.648	    36.7422
38861.242	    37.6412
38862.750	    39.7878
38864.289	    38.9864
38865.859	    38.2166
38867.289	    41.9580
38868.656	    43.8917
38870.062	    42.6743
38871.430	    43.8917
38872.797	    43.8917
38874.258	    41.0678
38875.734	    40.6229
38877.172	    41.7246
38878.656	    40.4313
38880.109	    41.2939
38881.562	    41.2939
38882.984	    42.1941
38884.461	    40.6229
38885.852	    43.1344
38887.250	    42.9185
38888.734	    40.4313
38890.367	    36.7422
38891.859	    40.2145
38893.398	    38.9864
38894.914	    39.5778
38896.445	    39.1901
38897.930	    40.4313
38899.484	    38.5852
38901.008	    39.3959
38902.422	    42.4328
38904.000	    38.0228
38905.602	    37.4532
38907.125	    39.3959
38908.719	    37.6412
38910.273	    38.5852
38911.891	    37.1058
38913.461	    38.2166
38915.047	    37.8310
38916.664	    37.1058
38918.250	    37.8310
38919.742	    40.2145
38921.328	    37.8310
38922.859	    39.1901
38924.336	    40.6229
38925.953	    37.1058
38927.492	    38.9864
38929.023	    39.1901
38930.578	    38.5852
38931.945	    43.8917
38933.414	    40.8441
38935.070	    36.2319
38936.641	    38.2166
38938.359	    34.9040
38939.961	    37.4532
38941.484	    39.3959
38943.023	    38.9864
38944.477	    41.2939
38945.867	    43.1344
38947.297	    41.9580
38948.711	    42.4328
38950.086	    43.6364
38951.508	    42.1941
38952.969	    41.0678
38954.398	    41.9580
38955.805	    42.6743
38957.328	    39.3959
38958.711	    43.3839
38960.102	    43.1344
38961.664	    38.4123
38963.406	    34.4432
38965.008	    37.4532
38966.602	    37.6412
38968.242	    36.5631
38969.766	    39.3959
38971.375	    37.2902
38972.984	    37.2902
38974.484	    40.0000
38975.969	    40.4313
38977.547	    38.0228
38979.062	    39.5778
38980.508	    41.5225
38982.016	    39.7878
38983.539	    39.3959
38985.016	    40.6229
38986.469	    41.2939
38988.000	    39.1901
38989.477	    40.6229
38991.016	    38.9864
38992.695	    35.7143
38994.305	    37.2902
38995.867	    38.4123
38997.445	    38.0228
38998.953	    39.7878
39000.422	    40.8441
39002.016	    37.6412
39003.547	    39.1901
39005.016	    40.8441
39006.453	    41.7246
39007.992	    38.9864
39009.602	    37.2902
39011.227	    36.9231
39012.844	    37.1058
39014.375	    39.1901
39015.820	    41.5225
39017.250	    41.9580
39018.703	    41.2939
39020.109	    42.6743
39021.633	    39.3959
39023.172	    38.9864
39024.688	    39.5778
39026.359	    35.8852
39028.055	    35.3982
39029.547	    40.2145
39031.172	    36.9231
39032.805	    36.7422
39034.312	    39.7878
39035.828	    39.5778
39037.266	    41.7246
39038.625	    44.1501
39040.109	    40.4313
39041.547	    41.7246
39042.922	    43.6364
39044.398	    40.6229
39045.844	    41.5225
39047.266	    42.1941
39048.617	    44.3787
39050.016	    42.9185
39051.445	    41.9580
39052.945	    40.0000
39054.430	    40.4313
39055.922	    40.2145
39057.461	    38.9864
39059.016	    38.5852
39060.586	    38.2166
39062.164	    38.0228
39063.680	    39.5778
39065.297	    37.1058
39066.805	    39.7878
39068.289	    40.4313
39069.781	    40.2145
39071.320	    38.9864
39072.727	    42.6743
39074.188	    41.0678
39075.656	    40.8441
39077.055	    42.9185
39078.422	    43.8917
39079.852	    41.9580
39081.336	    40.4313
39082.805	    40.8441
39084.234	    41.9580
39085.742	    39.7878
39087.273	    39.1901
39088.852	    38.0228
39090.414	    38.4123
39092.008	    37.6412
39093.570	    38.4123
39095.078	    39.7878
39096.555	    40.6229
39098.000	    41.5225
39099.391	    43.1344
39100.805	    42.4328
39102.234	    41.9580
39103.680	    41.5225
39105.055	    43.6364
39106.406	    44.3787
39107.867	    41.0678
39109.367	    40.0000
39110.742	    43.6364
39112.047	    45.9770
39113.281	    48.6224
39114.523	    48.3092
39115.742	    49.2207
39116.961	    49.2207
39118.195	    48.6224
39119.398	    49.8753
39120.625	    48.8998
39121.906	    46.8384
39123.164	    47.6948
39124.516	    44.3787
39125.945	    41.9580
39127.445	    40.0000
39128.969	    39.3959
39130.453	    40.4313
39132.000	    38.7847
39133.594	    37.6412
39135.078	    40.4313
39136.547	    40.8441
39138.117	    38.2166
39139.727	    37.2902
39141.242	    39.5778
39142.750	    39.7878
39144.305	    38.5852
39145.766	    41.0678
39147.250	    40.4313
39148.734	    40.4313
39150.180	    41.5225
39151.633	    41.2939
39153.086	    41.2939
39154.516	    41.9580
39155.883	    43.8917
39157.336	    41.2939
39158.742	    42.6743
39160.109	    43.8917
39161.555	    41.5225
39163.070	    39.5778
39164.648	    38.0228
39166.211	    38.4123
39167.797	    37.8310
39169.570	    33.8409
39171.156	    37.8310
39172.727	    38.2166
39174.242	    39.5778
39175.719	    40.6229
39177.266	    38.7847
39178.758	    40.2145
39180.195	    41.7246
39181.844	    36.4078
39183.633	    33.5383
39185.141	    39.7878
39186.547	    42.6743
39188.008	    41.0678
39189.406	    42.9185
39190.820	    42.4328
39192.352	    39.1901
39193.883	    39.1901
39195.625	    34.4432
39197.297	    35.8852
39198.961	    36.0577
39200.484	    39.3959
39202.047	    38.4123
39203.664	    37.1058
39205.242	    38.0228
39206.711	    40.8441
39208.352	    36.5631
39210.008	    36.2319
39211.586	    38.0228
39213.141	    38.5852
39214.750	    37.2902
39216.297	    38.7847
39217.805	    39.7878
39219.359	    38.5852
39220.922	    38.4123
39222.617	    35.3982
39224.273	    36.2319
39225.898	    36.9231
39227.562	    36.0577
39229.211	    36.4078
39230.742	    39.1901
39232.297	    38.5852
39233.938	    36.5631
39235.461	    39.3959
39237.031	    38.2166
39238.688	    36.2319
39240.250	    38.4123
39241.703	    41.2939
39243.180	    40.6229
39244.633	    41.2939
39246.023	    43.1344
39247.492	    40.8441
39249.000	    39.7878
39250.422	    42.1941
39251.852	    41.9580
39253.344	    40.2145
39254.891	    38.7847
39256.375	    40.4313
39257.906	    39.1901
39259.453	    38.7847
39260.945	    40.2145
39262.438	    40.2145
39263.961	    39.3959
39265.453	    40.2145
39266.852	    42.9185
39268.227	    43.6364
39269.547	    45.4545
39270.867	    45.4545
39272.172	    45.9770
39273.430	    47.6948
39275.133	    35.2319
39276.516	    43.3839
39278.008	    40.2145
39279.680	    35.8852
39281.250	    38.2166
39282.750	    40.0000
39284.258	    39.7878
39285.711	    41.2939
39287.102	    43.1344
39288.555	    41.2939
39290.086	    39.1901
39291.641	    38.5852
39293.109	    40.8441
39294.609	    40.0000
39296.188	    38.0228
39297.703	    39.5778
39299.141	    41.7246
39300.633	    40.2145
39302.133	    40.0000
39303.586	    41.2939
39305.070	    40.4313
39306.609	    38.9864
39308.195	    37.8310
39309.977	    33.6889
39311.695	    34.9040
39313.367	    35.8852
39315.117	    34.2857
39316.789	    35.8852
39318.539	    34.2857
39320.273	    34.6021
39321.891	    37.1058
39323.453	    38.4123
39325.086	    36.7422
39326.695	    37.2902
39328.211	    39.5778
39329.734	    39.3959
39331.242	    39.7878
39332.594	    44.3787
39333.961	    43.8917
39335.406	    41.5225
39336.781	    43.6364
39338.133	    44.3787
39339.820	    35.5450
39341.430	    37.2902
39342.922	    40.2145
39344.492	    38.2166
39346.031	    38.9864
39347.523	    40.2145
39348.969	    41.5225
39350.523	    38.5852
39352.047	    39.3959
39353.328	    46.8384
39354.625	    46.2606
39355.945	    45.4545
39357.211	    47.3934
39358.547	    44.9102
39359.859	    45.7317
39361.188	    45.1807
39362.531	    44.6429
39363.906	    43.6364
39365.281	    43.6364
39366.664	    43.3839
39368.070	    42.6743
39369.453	    43.3839
39370.836	    43.3839
39372.242	    42.6743
39373.672	    41.9580
39375.094	    42.1941
39376.500	    42.6743
39377.852	    44.3787
39379.195	    44.6429
39380.508	    45.7317
39381.711	    49.8753
39382.984	    47.1328
39384.273	    46.5477
39385.594	    45.4545
39386.867	    47.1328
39388.125	    47.6948
39389.367	    48.3092
39390.609	    48.3092
39391.805	    50.2092
39392.977	    51.1945
39394.117	    52.5854
39395.195	    55.6586
39396.172	    61.4125
39397.172	    60.0000
39398.266	    54.8446
39399.438	    51.1945
39400.547	    54.1028
39401.969	    42.1941
39403.320	    44.3787
39404.742	    42.1941
39406.086	    44.6429
39407.602	    39.5778
39409.258	    36.2319
39410.914	    36.2319
39412.406	    40.2145
39414.297	    31.7292
39416.023	    34.7423
39417.695	    35.8852
39419.312	    37.1058
39420.961	    36.4078
39422.680	    34.9040
39424.398	    34.9040
39426.000	    37.4532
39427.633	    36.7422
39429.352	    34.9040
39430.961	    37.2902
39432.523	    38.4123
39434.055	    39.1901
39435.562	    39.7878
39437.109	    38.7847
39438.547	    41.7246
39439.992	    41.5225
39441.492	    40.0000
39442.984	    40.2145
39444.453	    40.8441
39445.852	    42.9185
39447.320	    40.8441
39448.789	    40.8441
39450.188	    42.9185
39451.602	    42.4328
39453.109	    39.7878
39454.594	    40.4313
39456.078	    40.4313
39457.617	    38.9864
39459.117	    40.0000
39460.586	    40.8441
39462.117	    39.1901
39463.586	    40.8441
39465.062	    40.6229
39466.578	    39.5778
39468.086	    39.7878
39469.570	    40.4313
39471.117	    38.7847
39472.648	    39.1901
39474.117	    40.8441
39475.617	    40.0000
39477.109	    40.2145
39478.555	    41.5225
39479.977	    42.1941
39481.484	    39.7878
39483.055	    38.2166
39484.547	    40.2145
39486.086	    38.9864
39487.609	    39.3959
39489.102	    40.2145
39490.570	    40.8441
39492.070	    40.0000
39493.586	    39.5778
39495.055	    40.8441
39496.531	    40.6229
39498.070	    38.9864
39499.602	    39.1901
39501.078	    40.6229
39502.594	    39.5778
39504.039	    41.5225
39505.477	    41.7246
39506.961	    40.4313
39508.523	    38.4123
39510.211	    35.5450
39511.781	    38.2166
39513.375	    37.6412
39514.914	    38.9864
39516.398	    40.4313
39517.875	    40.6229
39519.414	    38.9864
39520.906	    40.2145
39522.422	    39.5778
39523.875	    41.2939
39525.367	    40.2145
39526.898	    39.1901
39528.375	    40.6229
39529.828	    41.2939
39531.312	    40.4313
39532.789	    40.6229
39534.203	    42.4328
39535.648	    41.5225
39537.117	    40.8441
39538.602	    40.4313
39540.023	    42.1941
39541.523	    40.0000
39543.031	    39.7878
39544.523	    40.2145
39546.062	    38.9864
39547.625	    38.4123
39549.172	    38.7847
39550.711	    38.9864
39552.258	    38.7847
39553.758	    40.0000
39555.227	    40.8441
39556.758	    39.1901
39558.320	    38.4123
39559.781	    41.0678
39561.312	    39.1901
39562.867	    38.5852
39564.320	    41.2939
39565.688	    43.8917
39567.164	    40.6229
39568.703	    38.9864
39570.211	    39.7878
39571.727	    39.5778
39573.227	    40.0000
39574.711	    40.4313
39576.211	    40.0000
39577.734	    39.3959
39579.281	    38.7847
39580.836	    38.5852
39582.414	    38.0228
39584.055	    36.5631
39585.672	    37.1058
39587.234	    38.4123
39588.836	    37.4532
39590.320	    40.4313
39591.836	    39.5778
39593.422	    37.8310
39594.953	    39.1901
39596.461	    39.7878
39598.000	    38.9864
39599.516	    39.5778
39600.961	    41.5225
39602.414	    41.2939
39603.922	    39.7878
39605.383	    41.0678
39606.922	    38.9864
39608.453	    39.1901
39609.922	    40.8441
39611.383	    41.0678
39612.828	    41.5225
39614.305	    40.6229
39615.797	    40.2145
39617.352	    38.5852
39618.852	    40.0000
39620.289	    41.7246
39621.766	    40.6229
39623.211	    41.5225
39624.648	    41.7246
39625.977	    45.1807
39627.344	    43.8917
39628.742	    42.9185
39630.148	    42.6743
39631.477	    45.1807
39632.898	    42.1941
39634.438	    38.9864
39635.953	    39.5778
39637.359	    42.6743
39638.805	    41.5225
39640.281	    40.6229
39641.703	    42.1941
39643.078	    43.6364
39644.539	    41.0678
39646.047	    39.7878
39647.523	    40.6229
39648.992	    40.8441
39650.453	    41.0678
39652.047	    37.6412
39653.555	    39.7878
39654.984	    41.9580
39656.375	    43.1344
39657.703	    45.1807
39659.078	    43.6364
39660.477	    42.9185
39662.000	    39.3959
39663.516	    39.5778
39664.969	    41.2939
39666.383	    42.4328
39667.836	    41.2939
39669.250	    42.4328
39670.703	    41.2939
39672.094	    43.1344
39673.570	    40.6229
39675.031	    41.0678
39676.570	    38.9864
39678.172	    37.4532
39679.727	    38.5852
39681.195	    40.8441
39682.680	    40.4313
39684.195	    39.5778
39685.711	    39.5778
39687.234	    39.3959
39688.727	    40.2145
39690.133	    42.6743
39691.562	    41.9580
39692.992	    41.9580
39694.344	    44.3787
39695.648	    45.9770
39696.984	    44.9102
39698.320	    44.9102
39699.625	    45.9770
39701.031	    42.6743
39702.406	    43.6364
39703.781	    43.6364
39705.195	    42.4328
39706.602	    42.6743
39707.984	    43.3839
39709.391	    42.6743
39710.805	    42.4328
39712.203	    42.9185
39713.578	    43.6364
39714.883	    45.9770
39716.211	    45.1807
39717.500	    46.5477
39718.844	    44.6429
39720.188	    44.6429
39721.484	    46.2606
39722.867	    43.3839
39724.219	    44.3787
39725.516	    46.2606
39726.859	    44.6429
39728.305	    41.5225
39729.703	    42.9185
39731.164	    41.0678
39732.672	    39.7878
39734.133	    41.0678
39735.578	    41.5225
39737.062	    40.4313
39738.539	    40.6229
39739.914	    43.6364
39741.328	    42.4328
39742.758	    41.9580
39744.219	    41.0678
39745.719	    40.0000
39747.242	    39.3959
39748.781	    38.9864
39750.305	    39.3959
39751.836	    39.1901
39753.383	    38.7847
39754.867	    40.4313
39756.422	    38.5852
39757.891	    40.8441
39759.414	    39.3959
39760.992	    38.0228
39762.539	    38.7847
39764.070	    39.1901
39765.648	    38.0228
39767.125	    40.6229
39768.586	    41.0678
39770.078	    40.2145
39771.602	    39.3959
39773.086	    40.4313
39774.609	    39.3959
39776.258	    36.4078
39777.789	    39.1901
39779.266	    40.6229
39780.758	    40.2145
39782.227	    40.8441
39783.641	    42.4328
39785.180	    38.9864
39786.695	    39.5778
39788.141	    41.5225
39789.711	    38.2166
39791.359	    36.4078
39792.891	    39.1901
39794.414	    39.3959
39795.953	    38.9864
39797.414	    41.0678
39798.852	    41.7246
39800.336	    40.4313
39801.891	    38.5852
39803.391	    40.0000
39804.883	    40.2145
39806.383	    40.0000
39807.891	    39.7878
39809.367	    40.6229
39810.789	    42.1941
39812.289	    40.0000
39813.852	    38.4123
39815.328	    40.6229
39816.797	    40.8441
39818.305	    39.7878
39819.766	    41.0678
39821.203	    41.7246
39822.609	    42.6743
39824.039	    41.9580
39825.422	    43.3839
39826.773	    44.3787
39828.188	    42.4328
39829.594	    42.6743
39830.883	    46.5477
39832.195	    45.7317
39833.586	    43.1344
39835.023	    41.7246
39836.453	    41.9580
39837.984	    39.1901
39839.531	    38.7847
39840.992	    41.0678
39842.438	    41.5225
39843.969	    39.1901
39845.547	    38.0228
39847.016	    40.8441
39848.516	    40.0000
39850.055	    38.9864
39851.555	    40.0000
39852.992	    41.7246
39854.461	    40.8441
39856.031	    38.2166
39857.656	    36.9231
39859.242	    37.8310
39860.898	    36.2319
39862.516	    37.1058
39864.078	    38.4123
39865.547	    40.8441
39867.109	    38.4123
39868.695	    37.8310
39870.227	    39.1901
39871.711	    40.4313
39873.195	    40.4313
39874.688	    40.2145
39876.125	    41.7246
39877.578	    41.2939
39879.078	    40.0000
39880.523	    41.5225
39881.938	    42.4328
39883.312	    43.6364
39884.633	    45.4545
39885.852	    49.2207
39887.062	    49.5458
39888.250	    50.5051
39889.422	    51.1945
39890.562	    52.5854
39891.586	    58.6510
39892.719	    52.9568
39893.758	    57.7478
39894.844	    55.2486
39895.914	    56.0748
39896.992	    55.6586
39898.055	    56.4972
39899.086	    58.1959
39900.086	    60.0000
39901.055	    61.9195
39902.000	    63.4921
39902.938	    63.9659
39903.961	    58.6510
39905.445	    40.4313
39906.828	    43.3839
39908.352	    39.3959
39909.914	    38.4123
39911.531	    37.1058
39913.148	    37.1058
39914.875	    34.7423
39916.562	    35.5450
39918.156	    37.6412
39919.766	    37.2902
39921.297	    39.1901
39922.812	    39.5778
39924.383	    38.2166
39925.852	    40.8441
39927.188	    44.9102
39928.664	    40.6229
39930.125	    41.0678
39931.438	    45.7317
39932.914	    40.6229
39934.414	    40.0000
39935.805	    43.1344
39937.195	    43.1344
39938.812	    37.1058
39940.273	    41.0678
39941.672	    42.9185
39943.156	    40.4313
39944.633	    40.6229
39946.031	    42.9185
39947.539	    39.7878
39949.070	    39.1901
39950.547	    40.6229
39952.031	    40.4313
39953.578	    38.7847
39955.039	    41.0678
39956.531	    40.2145
39957.992	    41.0678
39959.539	    38.7847
39961.094	    38.5852
39962.633	    38.9864
39964.125	    40.2145
39965.602	    40.6229
39967.086	    40.4313
39968.586	    40.0000
39970.086	    40.0000
39971.594	    39.7878
39973.117	    39.3959
39974.633	    39.5778
39976.086	    41.2939
39977.570	    40.4313
39979.141	    38.2166
39980.797	    36.2319
39982.359	    38.4123
39983.906	    38.7847
39985.578	    35.8852
39987.148	    38.2166
39988.734	    37.8310
39990.391	    36.2319
39991.969	    38.0228
39993.531	    38.4123
39995.164	    36.7422
39996.672	    39.7878
39998.148	    40.6229
39999.703	    38.5852
40001.219	    39.5778
40002.711	    40.2145
40004.219	    39.7878
40005.734	    39.5778
40007.188	    41.2939
40008.711	    39.3959
40010.273	    38.4123
40011.781	    39.7878
40013.219	    41.7246
40014.789	    38.2166
40016.305	    39.5778
40017.773	    40.8441
40019.219	    41.5225
40020.688	    40.8441
40022.164	    40.6229
40023.617	    41.2939
40024.992	    43.6364
40026.430	    41.7246
40027.891	    41.0678
40029.328	    41.7246
40030.742	    42.4328
40032.203	    41.0678
40033.680	    40.6229
40035.102	    42.1941
40036.508	    42.6743
40037.969	    41.0678
40039.406	    41.7246
40040.859	    41.2939
40042.289	    41.9580
40043.703	    42.4328
40045.180	    40.6229
40046.594	    42.4328
40048.023	    41.9580
40049.570	    38.7847
40051.039	    40.8441
40052.477	    41.7246
40053.969	    40.2145
40055.484	    39.5778
40056.922	    41.7246
40058.391	    40.8441
40059.891	    40.0000
40061.320	    41.9580
40062.789	    40.8441
40064.281	    40.2145
40065.781	    40.0000
40067.250	    40.8441
40068.766	    39.5778
40070.234	    40.8441
40071.672	    41.7246
40073.125	    41.2939
40074.586	    41.0678
40076.086	    40.0000
40077.492	    42.6743
40078.875	    43.3839
40080.367	    40.2145
40081.828	    41.0678
40083.227	    42.9185
40084.641	    42.4328
40086.086	    41.5225
40087.594	    39.7878
40089.062	    40.8441
40090.422	    44.1501
40091.883	    41.0678
40093.344	    41.0678
40094.766	    42.1941
40096.180	    42.4328
40097.680	    40.0000
40099.188	    39.7878
40100.789	    37.4532
40102.297	    39.7878
40103.820	    39.3959
40105.312	    40.2145
40106.773	    41.0678
40108.273	    40.0000
40109.820	    38.7847
40111.297	    40.6229
40112.727	    41.9580
40114.312	    37.8310
40115.883	    38.2166
40117.359	    40.6229
40118.805	    41.5225
40120.336	    39.1901
40121.836	    40.0000
40123.312	    40.6229
40124.766	    41.2939
40126.305	    38.9864
40127.812	    39.7878
40129.273	    41.0678
40130.711	    41.7246
40132.164	    41.2939
40133.641	    40.6229
40135.195	    38.5852
40136.703	    39.7878
40138.188	    40.4313
40139.711	    39.3959
40141.164	    41.2939
40142.562	    42.9185
40144.016	    41.2939
40145.484	    40.8441
40146.930	    41.5225
40148.352	    42.1941
40149.844	    40.2145
40151.297	    41.2939
40152.750	    41.2939
40154.164	    42.4328
40155.703	    38.9864
40157.180	    40.6229
40158.719	    38.9864
40160.328	    37.2902
40161.914	    37.8310
40163.414	    40.0000
40164.914	    40.0000
40166.406	    40.2145
40167.844	    41.7246
40169.383	    38.9864
40170.938	    38.5852
40172.422	    40.4313
40173.820	    42.9185
40175.320	    40.0000
40176.859	    38.9864
40178.367	    39.7878
40179.828	    41.0678
40181.250	    42.1941
40182.750	    40.0000
40184.305	    38.5852
40185.820	    39.5778
40187.297	    40.6229
40188.805	    39.7878
40190.305	    40.0000
40191.719	    42.4328
40193.234	    39.5778
40194.789	    38.5852
40196.289	    40.0000
40197.781	    40.2145
40199.266	    40.4313
40200.688	    42.1941
40202.141	    41.2939
40203.570	    41.9580
40204.953	    43.3839
40206.359	    42.6743
40207.789	    41.9580
40209.141	    44.3787
40210.648	    39.7878
40212.305	    36.2319
40213.891	    37.8310
40215.414	    39.3959
40216.961	    38.7847
40218.477	    39.5778
40219.984	    39.7878
40221.531	    38.7847
40223.016	    40.4313
40224.508	    40.2145
40226.008	    40.0000
40227.414	    42.6743
40228.867	    41.2939
40230.312	    41.5225
40231.867	    38.5852
40233.523	    36.2319
40235.164	    36.5631
40236.836	    35.8852
40238.422	    37.8310
40239.859	    41.7246
40241.359	    40.0000
40242.867	    39.7878
40244.250	    43.3839
40245.750	    40.0000
40247.602	    32.3974
40249.023	    42.1941
40250.359	    44.9102
40251.734	    43.6364
40253.148	    42.4328
40254.508	    44.1501
40255.945	    41.7246
40257.359	    42.4328
40258.680	    45.4545
40260.047	    43.8917
40261.406	    44.1501
40262.750	    44.6429
40264.086	    44.9102
40265.500	    42.4328
40266.914	    42.4328
40268.383	    40.8441
40269.828	    41.5225
40271.312	    40.4313
40272.859	    38.7847
40274.414	    38.5852
40275.109	    86.3309
40277.039	    31.0881
40278.602	    38.4123
40280.125	    39.3959
40281.750	    36.9231
40283.312	    38.4123
40284.836	    39.3959
40286.305	    40.8441
40287.828	    39.3959
40289.383	    38.5852
40290.977	    37.6412
40292.617	    36.5631
40294.156	    38.9864
40295.719	    38.4123
40297.336	    37.1058
40298.953	    37.1058
40300.539	    37.8310
40302.141	    37.4532
40303.727	    37.8310
40305.227	    40.0000
40306.875	    36.4078
40308.461	    37.8310
40309.984	    39.3959
40311.547	    38.4123
40313.148	    37.4532
40314.648	    40.0000
40316.055	    42.6743
40317.484	    41.9580
40318.930	    41.5225
40320.367	    41.7246
40321.859	    40.2145
40323.461	    37.4532
40324.977	    39.5778
40326.547	    38.2166
40328.156	    37.2902
40329.719	    38.4123
40331.266	    38.7847
40332.883	    37.1058
40334.406	    39.3959
40335.812	    42.6743
40337.320	    39.7878
40338.891	    38.2166
40340.352	    41.0678
40341.656	    45.9770
40342.984	    45.1807
40344.406	    42.1941
40345.766	    44.1501
40347.195	    41.9580
40348.680	    40.4313
40350.117	    41.7246
40351.531	    42.4328
40353.000	    40.8441
40354.539	    38.9864
40356.141	    37.4532
40357.695	    38.5852
40359.273	    38.0228
40360.867	    37.6412
40362.461	    37.6412
40363.969	    39.7878
40365.516	    38.7847
40367.109	    37.6412
40368.727	    37.1058
40370.312	    37.8310
40371.836	    39.3959
40373.375	    38.9864
40374.945	    38.2166
40376.453	    39.7878
40377.961	    39.7878
40379.531	    38.2166
40381.109	    38.0228
40382.594	    40.4313
40384.031	    41.7246
40385.570	    38.9864
40387.109	    38.9864
40388.586	    40.6229
40390.094	    39.7878
40391.617	    39.3959
40393.086	    40.8441
40394.469	    43.3839
40395.938	    40.8441
40397.461	    39.3959
40398.906	    41.5225
40400.484	    38.0228
40402.094	    37.2902
40403.656	    38.4123
40405.141	    40.4313
40406.688	    38.7847
40408.195	    39.7878
40409.633	    41.7246
40411.117	    40.4313
40412.688	    38.2166
40414.203	    39.5778
40415.695	    40.2145
40417.109	    42.4328
40418.602	    40.2145
40420.094	    40.2145
40421.625	    39.1901
40423.141	    39.5778
40424.602	    41.0678
40426.125	    39.3959
40427.625	    40.0000
40429.109	    40.4313
40430.617	    39.7878
40432.016	    42.9185
40433.453	    41.7246
40434.891	    41.7246
40436.383	    40.2145
40437.852	    40.8441
40439.422	    38.2166
40441.062	    36.5631
40442.594	    39.1901
40444.102	    39.7878
40445.547	    41.5225
40447.031	    40.4313
40448.508	    40.6229
40449.906	    42.9185
40451.320	    42.4328
40452.750	    41.9580
40454.148	    42.9185
40455.633	    40.4313
