35101.828	    47.3934
35103.016	    50.5051
35104.461	    41.5225
35105.758	    46.2606
35106.852	    54.8446
35108.117	    47.3934
35109.414	    46.2606
35110.508	    54.8446
35111.648	    52.5854
35112.914	    47.3934
35114.227	    45.7317
35115.422	    50.2092
35116.766	    44.6429
35117.992	    48.8998
35119.039	    57.3066
35120.352	    45.7317
35121.711	    44.1501
35122.742	    58.1959
35123.875	    52.9568
35125.102	    48.8998
35126.422	    45.4545
35127.508	    55.2486
35128.750	    48.3092
35129.938	    50.5051
35131.000	    56.4972
35131.930	    64.5161
35133.047	    53.7153
35134.453	    42.6743
35135.734	    46.8384
35137.141	    42.6743
35138.344	    49.8753
35139.344	    60.0000
35140.273	    64.5161
35141.492	    49.2207
35142.844	    44.3787
35143.984	    52.5854
35144.977	    60.4839
35146.141	    51.5464
35147.453	    45.7317
35148.633	    50.8475
35149.664	    58.1959
35150.711	    57.3066
35152.102	    43.1344
35153.328	    48.8998
35154.617	    46.5477
35155.930	    45.7317
35157.070	    52.5854
35158.086	    59.0551
35159.422	    44.9102
35160.547	    53.3333
35161.469	    65.0759
35162.336	    69.2042
35163.344	    59.5238
35164.906	    38.4123
35166.359	    41.2939
35167.867	    39.7878
35169.227	    44.1501
35170.633	    42.6743
35172.023	    43.1344
35173.203	    50.8475
35174.406	    49.8753
35175.797	    43.1344
35177.094	    46.2606
35178.148	    56.8720
35179.453	    45.9770
35180.508	    56.8720
35181.539	    58.1959
35182.516	    61.4125
35184.000	    40.4313
35185.445	    41.5225
35186.758	    45.7317
35188.219	    41.0678
35189.547	    45.1807
35190.812	    47.3934
35192.000	    50.5051
35193.352	    44.3787
35194.648	    46.2606
35195.797	    52.2648
35196.984	    50.5051
35198.188	    49.8753
35199.273	    55.2486
35200.312	    57.7478
35201.766	    41.2939
35203.086	    45.4545
35204.227	    52.5854
35205.656	    41.9580
35206.859	    49.8753
35207.898	    57.7478
35208.930	    58.1959
35210.062	    52.9568
35211.242	    50.8475
35212.336	    54.8446
35213.477	    52.5854
35214.883	    42.6743
35215.969	    55.2486
35217.016	    57.3066
35218.156	    52.5854
35219.250	    54.8446
35220.141	    67.3401
35221.070	    64.5161
35222.562	    40.2145
35223.875	    45.7317
35225.141	    47.3934
35226.570	    41.9580
35227.852	    46.8384
35228.938	    55.2486
35230.234	    46.2606
35231.461	    48.8998
35232.570	    54.1028
35233.469	    66.8151
35234.344	    68.5714
35235.789	    41.5225
35237.102	    45.7317
35238.555	    41.2939
35240.039	    40.4313
35241.305	    47.3934
35242.750	    41.5225
35244.117	    43.8917
35245.383	    47.3934
35246.500	    53.7153
35247.812	    45.7317
35249.070	    47.6948
35250.055	    60.9756
35251.055	    60.0000
35252.461	    42.6743
35253.805	    44.6429
35255.055	    48.0000
35256.453	    42.9185
35257.727	    47.1328
35258.789	    56.4972
35259.820	    58.1959
35260.938	    53.7153
35262.344	    42.6743
35263.570	    48.8998
35264.555	    60.9756
35265.445	    67.3401
35266.344	    66.8151
35267.711	    43.8917
35269.109	    42.9185
35270.664	    38.5852
35272.008	    44.6429
35273.484	    40.6229
35274.898	    42.4328
35276.172	    47.1328
35277.539	    43.8917
35278.922	    43.3839
35280.219	    46.2606
35281.430	    49.5458
35282.859	    41.9580
35284.180	    45.4545
35285.180	    60.0000
35286.094	    65.6455
35286.945	    70.4225
35287.828	    67.9502
35288.859	    58.1959
35290.383	    39.3959
35291.781	    42.9185
35293.266	    40.4313
35294.539	    47.1328
35295.805	    47.3934
35297.203	    42.9185
35298.523	    45.4545
35299.875	    44.3787
35301.344	    40.8441
35302.719	    43.6364
35304.023	    45.9770
35305.398	    43.6364
35306.758	    44.1501
35308.039	    46.8384
35309.359	    45.4545
35310.734	    43.6364
35311.914	    50.8475
35313.031	    53.7153
35314.227	    50.2092
35315.297	    56.0748
35316.336	    57.7478
35317.414	    55.6586
35319.008	    37.6412
35320.477	    40.8441
35321.742	    47.3934
35322.711	    61.9195
35323.680	    61.9195
35324.562	    67.9502
35325.766	    49.8753
35327.227	    41.0678
35328.586	    44.1501
35329.789	    49.8753
35331.289	    40.0000
35332.531	    48.3092
35333.945	    42.4328
35335.289	    44.6429
35336.461	    51.1945
35337.859	    42.9185
35339.219	    44.1501
35340.445	    48.8998
35341.688	    48.3092
35342.984	    46.2606
35344.219	    48.6224
35345.148	    64.5161
35346.055	    66.2252
35346.961	    66.2252
35348.070	    54.1028
35349.203	    52.9568
35350.508	    45.9770
35351.516	    59.5238
35352.547	    58.1959
35353.461	    65.6455
35354.352	    67.3401
35355.234	    67.9502
35356.070	    71.7703
35356.867	    75.2823
35357.656	    76.0456
35358.484	    72.4638
35359.320	    71.7703
35360.141	    73.1707
35360.945	    74.5342
35361.773	    72.4638
35362.570	    75.2823
35363.367	    75.2823
35364.172	    74.5342
35364.961	    76.0456
35365.750	    76.0456
35366.531	    76.8246
35367.297	    78.3290
35368.055	    79.1557
35368.781	    82.5310
35369.500	    83.4492
35370.211	    84.3882
35370.914	    85.3485
35371.609	    86.3309
35372.297	    87.2093
35372.977	    88.2353
35373.672	    86.3309
35374.414	    80.8625
35375.148	    81.7439
35375.883	    81.7439
35376.641	    79.1557
35377.414	    77.6197
35378.570	    51.9031
35379.859	    46.5477
35381.000	    52.5854
35382.219	    49.2207
35383.555	    44.9102
35384.719	    51.5464
35386.000	    46.8384
35387.414	    42.4328
35388.594	    50.8475
35390.078	    40.4313
35391.516	    41.7246
35392.945	    41.9580
35394.453	    39.7878
35395.781	    45.1807
35397.156	    43.6364
35398.648	    40.2145
35399.859	    49.5458
35401.273	    42.4328
35402.406	    52.9568
35403.766	    44.1501
35405.219	    41.2939
35406.750	    39.1901
35408.148	    42.9185
35409.641	    40.2145
35410.984	    44.6429
35412.289	    45.9770
35413.703	    42.4328
35414.734	    58.1959
35415.758	    58.6510
35416.758	    60.0000
35418.430	    35.8852
35419.805	    43.6364
35421.367	    38.4123
35422.844	    40.6229
35424.320	    40.6229
35425.734	    42.4328
35427.008	    47.1328
35428.297	    46.5477
35429.672	    43.6364
35430.953	    46.8384
35431.977	    58.6510
35432.930	    62.9591
35434.320	    43.1344
35435.367	    57.3066
35436.836	    40.8441
35438.273	    41.7246
35439.648	    43.6364
35441.000	    44.3787
35442.375	    43.6364
35443.711	    44.9102
35445.047	    44.9102
35446.328	    46.8384
35447.305	    61.4125
35448.734	    41.9580
35449.867	    52.9568
35450.891	    58.6510
35452.391	    40.0000
35453.727	    44.9102
35454.922	    50.2092
35456.281	    44.1501
35457.633	    44.3787
35458.711	    55.6586
35459.781	    56.0748
35460.852	    56.0748
35461.930	    55.6586
35462.984	    56.8720
35464.500	    39.5778
35465.805	    45.9770
35466.930	    53.3333
35468.242	    45.7317
35469.234	    60.4839
35470.422	    50.5051
35471.570	    52.2648
35472.602	    58.1959
35473.562	    62.4350
35475.031	    40.8441
35476.438	    42.6743
35477.695	    47.6948
35479.102	    42.6743
35480.352	    48.0000
35481.414	    56.4972
35482.781	    43.8917
35483.961	    50.8475
35484.969	    59.5238
35486.031	    56.4972
35487.414	    43.3839
35488.555	    52.5854
35489.461	    66.2252
35490.367	    66.2252
35491.820	    41.2939
35493.188	    43.8917
35494.648	    41.0678
35495.922	    47.1328
35497.250	    45.1807
35498.594	    44.6429
35499.828	    48.6224
35500.727	    66.8151
35501.602	    68.5714
35503.078	    40.6229
35504.445	    43.8917
35505.844	    42.9185
35507.266	    42.1941
35508.609	    44.6429
35509.969	    44.1501
35511.273	    45.9770
35512.492	    49.2207
35513.398	    66.2252
35514.289	    67.3401
35515.789	    40.0000
35517.047	    47.6948
35518.578	    39.1901
35519.961	    43.3839
35521.234	    47.1328
35522.609	    43.6364
35523.922	    45.7317
35525.133	    49.5458
35526.469	    44.9102
35527.711	    48.3092
35528.727	    59.0551
35530.172	    41.5225
35531.477	    45.9770
35532.656	    50.8475
35533.562	    66.2252
35534.523	    62.4350
35536.000	    40.6229
35537.188	    50.5051
35538.656	    40.8441
35540.070	    42.4328
35541.305	    48.6224
35542.703	    42.9185
35544.047	    44.6429
35545.266	    49.2207
35546.625	    44.1501
35547.953	    45.1807
35549.141	    50.5051
35550.141	    60.0000
35551.547	    42.6743
35552.820	    47.1328
35553.914	    54.8446
35554.984	    56.0748
35555.992	    59.5238
35556.930	    63.9659
35557.859	    64.5161
35558.805	    63.4921
35559.742	    63.9659
35561.234	    40.2145
35562.523	    46.5477
35563.984	    41.0678
35565.430	    41.5225
35566.711	    46.8384
35568.102	    43.1344
35569.336	    48.6224
35570.531	    50.2092
35571.938	    42.6743
35573.188	    48.0000
35574.234	    57.3066
35575.211	    61.4125
35576.172	    62.4350
35577.273	    54.4465
35578.227	    62.9591
35579.172	    63.4921
35580.219	    57.3066
35581.180	    62.4350
35582.094	    65.6455
35583.547	    41.2939
35584.781	    48.6224
35585.930	    52.2648
35587.250	    45.4545
35588.500	    48.0000
35589.797	    46.2606
35591.203	    42.6743
35592.555	    44.3787
35593.898	    44.6429
35595.297	    42.9185
35596.695	    42.9185
35597.961	    47.3934
35599.320	    44.1501
35600.695	    43.6364
35601.945	    48.0000
35603.180	    48.6224
35604.688	    39.7878
35606.031	    44.6429
35607.336	    45.9770
35608.695	    44.1501
35610.078	    43.3839
35611.242	    51.5464
35612.500	    47.6948
35613.875	    43.6364
35614.992	    53.7153
35616.234	    48.3092
35617.688	    41.2939
35618.945	    47.6948
35620.109	    51.5464
35621.227	    53.7153
35622.352	    53.3333
35623.297	    63.4921
35624.250	    62.9591
35625.859	    37.2902
35627.273	    42.4328
35628.656	    43.3839
35630.078	    42.1941
35631.281	    49.8753
35632.500	    49.2207
35633.836	    44.9102
35635.156	    45.4545
35636.195	    57.7478
35637.445	    48.0000
35638.609	    51.5464
35639.734	    53.3333
35640.742	    59.5238
35642.234	    40.2145
35643.578	    44.6429
35644.812	    48.6224
35646.039	    48.8998
35647.359	    45.4545
35648.555	    50.2092
35649.672	    53.7153
35650.992	    45.4545
35652.297	    45.9770
35653.203	    66.2252
35654.062	    69.8487
35654.953	    67.3401
35656.391	    41.7246
35657.812	    42.1941
35659.328	    39.5778
35660.703	    43.6364
35662.312	    37.2902
35663.727	    42.4328
35665.062	    44.9102
35666.500	    41.7246
35667.797	    46.2606
35669.117	    45.4545
35670.492	    43.6364
35671.727	    48.6224
35672.766	    57.7478
35673.781	    59.0551
35674.891	    54.1028
35675.891	    60.0000
35676.836	    63.4921
35677.867	    58.1959
35679.477	    37.2902
35680.859	    43.3839
35682.125	    47.3934
35683.523	    42.9185
35684.922	    42.9185
35686.484	    38.4123
35687.898	    42.4328
35689.188	    46.5477
35690.602	    42.4328
35691.891	    46.5477
35692.812	    65.0759
35693.695	    67.9502
35694.867	    51.1945
35695.836	    61.9195
35697.438	    37.4532
35698.922	    40.4313
35700.445	    39.3959
35701.953	    39.7878
35703.312	    44.1501
35704.547	    48.6224
35705.953	    42.6743
35707.297	    44.6429
35708.531	    48.6224
35710.008	    40.6229
35711.430	    42.1941
35712.688	    47.6948
35713.883	    50.2092
35715.234	    44.3787
35716.484	    48.0000
35717.555	    56.0748
35718.773	    49.2207
35720.195	    42.1941
35721.445	    48.0000
35722.602	    51.9031
35724.062	    41.0678
35725.367	    45.9770
35726.469	    54.4465
35727.766	    46.2606
35729.180	    42.4328
35730.336	    51.9031
35731.273	    63.9659
35732.141	    69.2042
35733.570	    41.9580
35734.844	    47.1328
35736.266	    42.1941
35737.305	    57.7478
35738.820	    39.5778
35740.211	    43.1344
35741.539	    45.1807
35742.969	    41.9580
35744.258	    46.5477
35745.570	    45.7317
35746.922	    44.3787
35748.195	    47.1328
35749.352	    51.9031
35750.562	    49.5458
35751.594	    58.1959
35752.492	    66.8151
35753.344	    70.4225
35754.891	    38.7847
35756.367	    40.6229
35757.758	    43.1344
35759.211	    41.2939
35760.531	    45.4545
35761.750	    49.2207
35763.195	    41.5225
35764.461	    47.3934
35765.555	    54.8446
35766.477	    65.0759
35767.328	    70.4225
35768.188	    69.8487
35769.188	    60.0000
35770.648	    41.0678
35771.609	    62.4350
35772.555	    63.4921
35774.141	    37.8310
35775.562	    42.1941
35777.062	    40.0000
35778.508	    41.5225
35779.812	    45.9770
35781.312	    40.0000
35782.789	    40.6229
35784.102	    45.7317
35785.117	    59.0551
35786.180	    56.4972
35787.609	    41.9580
35788.898	    46.5477
35790.469	    38.2166
35791.930	    41.0678
35793.281	    44.3787
35794.766	    40.4313
35796.109	    44.6429
35797.461	    44.3787
35798.891	    41.9580
35800.203	    45.7317
35801.352	    52.2648
35802.656	    45.9770
35803.695	    57.7478
35804.727	    58.1959
35805.766	    57.7478
35807.391	    36.9231
35808.789	    42.9185
35810.062	    47.1328
35811.461	    42.9185
35812.781	    45.4545
35813.898	    53.7153
35815.141	    48.3092
35816.484	    44.6429
35817.648	    51.5464
35818.648	    60.0000
35819.781	    52.9568
35821.164	    43.3839
35822.352	    50.5051
35823.547	    50.2092
35824.859	    45.7317
35825.992	    52.9568
35827.008	    59.0551
35828.297	    46.5477
35829.594	    46.2606
35830.586	    60.4839
35831.906	    45.4545
35833.039	    52.9568
35833.984	    63.4921
35835.008	    58.6510
35836.289	    46.8384
35837.242	    62.9591
35838.219	    61.4125
35839.305	    55.2486
35840.359	    56.8720
35841.422	    56.4972
35842.555	    52.9568
35844.008	    41.2939
35845.289	    46.8384
35846.344	    56.8720
35847.477	    52.9568
35848.750	    47.1328
35849.945	    50.2092
35850.984	    57.7478
35852.367	    43.3839
35853.844	    40.6229
35855.047	    49.8753
35856.492	    41.5225
35857.914	    42.1941
35859.148	    48.6224
35860.312	    51.5464
35861.633	    45.4545
35862.953	    45.4545
35863.961	    59.5238
35865.344	    43.3839
35866.328	    60.9756
35867.289	    62.4350
35868.219	    64.5161
35869.805	    37.8310
35871.273	    40.8441
35872.820	    38.7847
35874.367	    38.7847
35875.773	    42.6743
35877.312	    38.9864
35878.641	    45.1807
35879.977	    44.9102
35881.336	    44.1501
35882.656	    45.4545
35883.766	    54.1028
35885.023	    47.6948
35886.016	    60.4839
35886.914	    66.8151
35887.820	    66.2252
35889.328	    39.7878
35890.602	    47.1328
35891.961	    44.1501
35893.539	    38.0228
35894.844	    45.9770
35896.297	    41.2939
35897.719	    42.1941
35898.992	    47.1328
35900.422	    41.9580
35901.781	    44.1501
35903.039	    47.6948
35904.070	    58.1959
35905.539	    40.8441
35906.891	    44.3787
35908.000	    54.1028
35909.289	    46.5477
35910.703	    42.4328
35912.016	    45.7317
35913.156	    52.5854
35914.398	    48.3092
35915.648	    48.0000
35916.719	    56.0748
35917.797	    55.6586
35919.211	    42.4328
35920.539	    45.1807
35921.523	    60.9756
35922.438	    65.6455
35923.320	    67.9502
35924.758	    41.7246
35926.273	    39.5778
35927.750	    40.6229
35929.102	    44.3787
35929.875	    77.6197
35931.453	    38.0228
35932.641	    50.5051
35934.000	    44.1501
35935.508	    39.7878
35936.828	    45.4545
35938.078	    48.0000
35939.453	    43.6364
35940.812	    44.1501
35942.008	    50.2092
35943.180	    51.1945
35944.625	    41.5225
35945.859	    48.6224
35947.016	    51.9031
35948.203	    50.5051
35949.172	    61.9195
35950.031	    69.8487
35950.883	    70.4225
35951.836	    62.9591
35953.336	    40.0000
35954.688	    44.3787
35956.180	    40.2145
35957.539	    44.1501
35959.031	    40.2145
35960.391	    44.1501
35961.758	    43.8917
35963.172	    42.4328
35964.477	    45.9770
35965.727	    48.0000
35967.086	    44.1501
35968.430	    44.6429
35969.703	    47.1328
35970.930	    48.8998
35972.359	    41.9580
35973.609	    48.0000
35974.648	    57.7478
35975.930	    46.8384
35977.180	    48.0000
35978.492	    45.7317
35979.531	    57.7478
35981.000	    40.8441
35982.227	    48.8998
35983.234	    59.5238
35984.305	    56.0748
35985.766	    41.0678
35987.148	    43.3839
35988.422	    47.1328
35989.656	    48.6224
35990.961	    45.9770
35992.273	    45.7317
35993.398	    53.3333
35994.656	    47.6948
35996.078	    42.1941
35997.234	    51.9031
35998.266	    58.1959
35999.289	    58.6510
36000.242	    62.9591
36001.156	    65.6455
36002.180	    58.6510
36003.688	    39.7878
36004.922	    48.6224
36006.383	    41.0678
36007.711	    45.1807
36009.125	    42.4328
36010.492	    43.8917
36011.789	    46.2606
36013.172	    43.3839
36014.594	    42.1941
36015.891	    46.2606
36017.133	    48.3092
36018.555	    42.1941
36019.852	    46.2606
36021.109	    47.6948
36022.117	    59.5238
36023.484	    43.8917
36024.641	    51.9031
36025.859	    49.2207
36027.242	    43.3839
36028.695	    41.2939
36030.023	    45.1807
36031.078	    56.8720
36032.305	    48.8998
36033.523	    49.2207
36034.602	    55.6586
36035.586	    60.9756
36036.672	    55.2486
36037.938	    47.3934
36038.859	    65.0759
36039.711	    70.4225
36040.531	    73.1707
36042.039	    39.7878
36043.344	    45.9770
36044.406	    56.4972
36045.906	    40.0000
36047.188	    46.8384
36048.344	    51.9031
36049.719	    43.6364
36051.031	    45.7317
36052.172	    52.5854
36053.156	    60.9756
36054.555	    42.9185
36055.602	    57.3066
36056.539	    63.9659
36058.008	    40.8441
36059.203	    50.2092
36060.508	    45.9770
36061.867	    44.1501
36063.148	    46.8384
36064.219	    56.0748
36065.539	    45.4545
36066.969	    41.9580
36068.211	    48.3092
36069.547	    44.9102
36070.867	    45.4545
36072.023	    51.9031
36073.016	    60.4839
36074.078	    56.4972
36075.445	    43.8917
36076.734	    46.5477
36077.891	    51.9031
36079.266	    43.6364
36080.602	    44.9102
36081.828	    48.8998
36083.062	    48.6224
36084.430	    43.8917
36085.758	    45.1807
36086.930	    51.1945
36088.328	    42.9185
36089.680	    44.3787
36090.844	    51.5464
36092.078	    48.6224
36093.383	    45.9770
36094.570	    50.5051
36095.562	    60.4839
36096.625	    56.4972
36097.562	    63.9659
36098.414	    70.4225
36099.320	    66.2252
36100.844	    39.3959
36102.211	    43.8917
36103.727	    39.5778
36105.062	    44.9102
36106.258	    50.2092
36107.664	    42.6743
36108.992	    45.1807
36110.188	    50.2092
36111.398	    49.5458
36112.812	    42.4328
36114.156	    44.6429
36115.312	    51.9031
36116.555	    48.3092
36117.945	    43.1344
36119.148	    49.8753
36120.109	    62.4350
36121.594	    40.4313
36122.898	    45.9770
36124.164	    47.3934
36125.570	    42.6743
36126.875	    45.9770
36128.094	    49.2207
36129.258	    51.5464
36130.547	    46.5477
36131.852	    45.9770
36133.047	    50.2092
36134.289	    48.3092
36135.633	    44.6429
36136.781	    52.2648
36138.164	    43.3839
36139.555	    43.1344
36140.664	    54.1028
36141.914	    48.0000
36143.234	    45.4545
36144.375	    52.5854
36145.344	    61.9195
36146.508	    51.5464
36147.906	    42.9185
36149.102	    50.2092
36150.094	    60.4839
36151.148	    56.8720
36152.055	    66.2252
36152.906	    70.4225
36153.906	    60.0000
36155.516	    37.2902
36156.906	    43.1344
36158.352	    41.5225
36159.734	    43.3839
36160.945	    49.5458
36162.359	    42.4328
36163.711	    44.3787
36164.953	    48.3092
36166.234	    46.8384
36167.547	    45.7317
36168.750	    49.8753
36169.766	    59.0551
36171.133	    43.8917
36172.555	    42.1941
36173.812	    47.6948
36175.016	    49.8753
36176.406	    43.1344
36177.578	    51.1945
36178.648	    56.0748
36180.109	    41.0678
36181.430	    45.4545
36182.625	    50.2092
36184.078	    41.2939
36185.430	    44.3787
36186.625	    50.2092
36187.820	    50.2092
36189.266	    41.5225
36190.539	    47.1328
36191.711	    51.1945
36193.031	    45.4545
36194.383	    44.3787
36195.500	    53.7153
36196.742	    48.3092
36197.961	    49.2207
36199.047	    55.2486
36200.117	    56.0748
36201.422	    45.9770
36202.695	    47.1328
36203.594	    66.8151
36204.648	    56.8720
36205.977	    45.1807
36207.164	    50.5051
36208.211	    57.3066
36209.562	    44.3787
36211.016	    41.2939
36212.344	    45.1807
36213.602	    47.6948
36214.953	    44.3787
36216.273	    45.4545
36217.422	    52.2648
36218.711	    46.5477
36220.070	    44.1501
36221.250	    50.8475
36222.273	    58.6510
36223.523	    48.0000
36224.867	    44.6429
36226.047	    50.8475
36227.031	    60.9756
36228.094	    56.4972
36229.562	    40.8441
36230.711	    52.2648
36231.922	    49.5458
36233.359	    41.7246
36234.633	    47.1328
36235.977	    44.6429
36237.375	    42.9185
36238.656	    46.8384
36239.859	    49.8753
36241.289	    41.9580
36242.523	    48.6224
36243.539	    59.0551
36244.734	    50.2092
36246.102	    43.8917
36247.406	    45.9770
36248.445	    57.7478
36249.648	    49.8753
36251.031	    43.3839
36252.102	    56.0748
36253.164	    56.4972
36254.484	    45.4545
36255.844	    44.1501
36256.977	    52.9568
36258.148	    51.1945
36259.258	    54.1028
36260.359	    54.4465
36261.484	    53.3333
36262.766	    46.8384
36264.008	    48.3092
36265.031	    58.6510
36266.156	    53.3333
36267.414	    47.6948
36268.695	    46.8384
36269.773	    55.6586
36270.977	    49.8753
36272.367	    43.1344
36273.672	    45.9770
36274.836	    51.5464
36276.289	    41.2939
36277.664	    43.6364
36278.906	    48.3092
36280.078	    51.1945
36281.352	    47.1328
36282.648	    46.2606
36283.703	    56.8720
36284.969	    47.3934
36286.336	    43.8917
36287.508	    51.1945
36288.570	    56.4972
36289.891	    45.4545
36291.281	    43.1344
36292.484	    49.8753
36293.898	    42.4328
36295.195	    46.2606
36296.328	    52.9568
36297.680	    44.3787
36298.977	    46.2606
36300.203	    48.8998
36301.242	    57.7478
36302.391	    52.2648
36303.805	    42.4328
36304.961	    51.9031
36306.109	    52.2648
36307.516	    42.6743
36308.742	    48.8998
36309.820	    55.6586
36311.023	    49.8753
36312.516	    40.2145
36313.875	    44.1501
36315.062	    50.5051
36316.375	    45.7317
36317.703	    45.1807
36318.820	    53.7153
36320.055	    48.6224
36321.492	    41.7246
36322.734	    48.3092
36323.953	    49.2207
36325.164	    49.5458
36326.508	    44.6429
36327.586	    55.6586
36328.695	    54.1028
36330.070	    43.6364
36331.367	    46.2606
36332.430	    56.4972
36333.805	    43.6364
36335.062	    47.6948
36336.172	    54.1028
36337.336	    51.5464
36338.711	    43.6364
36339.906	    50.2092
36340.961	    56.8720
36342.148	    50.5051
36343.430	    46.8384
36344.555	    53.3333
36345.648	    54.8446
36346.984	    44.9102
36348.289	    45.9770
36349.391	    54.4465
36350.539	    52.2648
36351.820	    46.8384
36353.141	    45.4545
36354.242	    54.4465
36355.562	    45.4545
36356.961	    42.9185
36358.188	    48.8998
36359.477	    46.5477
36360.789	    45.7317
36362.055	    47.3934
36363.227	    51.1945
36364.578	    44.3787
36365.859	    46.8384
36366.930	    56.0748
36367.992	    56.4972
36369.531	    38.9864
36370.883	    44.3787
36372.211	    45.1807
36373.625	    42.4328
36374.914	    46.5477
36376.086	    51.1945
36377.422	    44.9102
36378.703	    46.8384
36379.891	    50.5051
36380.992	    54.4465
36382.250	    47.6948
36383.648	    42.9185
36384.805	    51.9031
36385.844	    57.7478
36387.156	    45.7317
36388.508	    44.3787
36389.758	    48.0000
36390.844	    55.2486
36392.148	    45.9770
36393.500	    44.3787
36394.727	    48.8998
36395.719	    60.4839
36397.055	    44.9102
36398.344	    46.5477
36399.477	    52.9568
36400.617	    52.5854
36401.898	    46.8384
36403.266	    43.8917
36404.344	    55.6586
36404.883	    111.317
36406.484	    37.4532
36407.570	    55.2486
36408.516	    63.4921
36409.867	    44.3787
36411.164	    46.2606
36412.211	    57.3066
36413.477	    47.3934
36414.867	    43.1344
36415.898	    58.1959
36417.180	    46.8384
36418.500	    45.4545
36419.703	    49.8753
36420.805	    54.4465
36421.938	    52.9568
36423.227	    46.5477
36424.398	    51.1945
36425.656	    47.6948
36427.117	    41.0678
36428.414	    46.2606
36429.539	    53.3333
36430.719	    50.8475
36431.945	    48.8998
36433.047	    54.4465
36434.070	    58.6510
36435.328	    47.6948
36436.711	    43.3839
36437.938	    48.8998
36439.023	    55.2486
36440.203	    50.8475
36441.445	    48.3092
36442.641	    50.2092
36443.695	    56.8720
36444.859	    51.5464
36446.203	    44.6429
36447.281	    55.6586
36448.383	    54.4465
36449.672	    46.5477
36451.008	    44.9102
36452.156	    52.2648
36453.531	    43.6364
36454.789	    47.6948
36456.008	    49.2207
36457.078	    56.0748
36458.359	    46.8384
36459.773	    42.4328
36460.922	    52.2648
36462.227	    45.9770
36463.539	    45.7317
36464.727	    50.5051
36465.820	    54.8446
36467.078	    47.6948
36468.312	    48.6224
36469.375	    56.4972
36470.461	    55.2486
36471.633	    51.1945
36472.938	    45.9770
36474.000	    56.4972
36475.117	    53.7153
36476.414	    46.2606
36477.617	    49.8753
36478.703	    55.2486
36479.977	    47.1328
36481.250	    47.1328
36482.258	    59.5238
36483.664	    42.6743
36484.922	    47.6948
36486.078	    51.9031
36487.242	    51.5464
36488.539	    46.2606
36489.797	    47.6948
36490.891	    54.8446
36492.094	    49.8753
36493.445	    44.3787
36494.680	    48.6224
36495.828	    52.2648
36497.117	    46.5477
36498.406	    46.5477
36499.516	    54.1028
36500.656	    52.5854
36501.844	    50.5051
36503.086	    48.3092
36504.141	    56.8720
36505.523	    43.3839
36506.844	    45.4545
36508.023	    50.8475
36509.398	    43.6364
36510.672	    47.1328
36511.789	    53.7153
36512.969	    50.8475
36514.227	    47.6948
36515.555	    45.1807
36516.688	    52.9568
36517.906	    49.2207
36519.164	    47.6948
36520.273	    54.1028
36521.398	    53.3333
36522.766	    43.8917
36524.102	    44.9102
36525.211	    54.1028
36526.484	    47.1328
36527.789	    45.9770
36528.930	    52.5854
36530.078	    52.2648
36531.406	    45.1807
36532.680	    47.1328
36533.781	    54.4465
36535.000	    49.2207
36536.406	    42.6743
36537.477	    56.0748
36538.609	    52.9568
36540.023	    42.4328
36541.164	    52.5854
36542.203	    57.7478
36543.672	    40.8441
36545.023	    44.3787
36546.281	    47.6948
36547.555	    47.1328
36548.922	    43.8917
36550.141	    49.2207
36551.164	    58.6510
36552.469	    45.9770
36553.688	    49.2207
36554.961	    47.1328
36556.016	    56.8720
36557.273	    47.6948
36558.609	    44.9102
36559.859	    48.0000
36560.992	    52.9568
36562.234	    48.3092
36563.531	    46.2606
36564.664	    52.9568
36565.727	    56.4972
36567.039	    45.7317
36568.359	    45.4545
36569.500	    52.5854
36570.656	    51.9031
36571.859	    49.8753
36573.188	    45.1807
36574.312	    53.3333
36575.477	    51.5464
36576.789	    45.7317
36578.031	    48.3092
36579.156	    53.3333
36580.312	    51.9031
36581.688	    43.6364
36582.867	    50.8475
36583.984	    53.7153
36585.234	    48.0000
36586.594	    44.1501
36587.797	    49.8753
36589.070	    47.1328
36590.359	    46.5477
36591.516	    51.9031
36592.641	    53.3333
36593.922	    46.8384
36595.297	    43.6364
36596.562	    47.3934
36597.648	    55.2486
36598.867	    49.2207
36600.211	    44.6429
36601.414	    49.8753
36602.625	    49.5458
36603.828	    49.8753
36605.164	    44.9102
36606.258	    54.8446
36607.469	    49.5458
36608.734	    47.3934
36609.820	    55.2486
36610.922	    54.4465
36612.258	    44.9102
36613.594	    44.9102
36614.703	    54.1028
36615.898	    50.2092
36617.172	    47.1328
36618.305	    52.9568
36619.438	    52.9568
36620.812	    43.6364
36622.102	    46.5477
36623.203	    54.4465
36624.531	    45.1807
36625.812	    46.8384
36626.953	    52.5854
36628.031	    55.6586
36629.227	    50.2092
36630.578	    44.3787
36631.750	    51.1945
36632.914	    51.5464
36634.141	    48.8998
36635.406	    47.3934
36636.477	    56.0748
36637.570	    54.8446
36638.836	    47.3934
36640.102	    47.3934
36641.148	    57.3066
36642.344	    50.2092
36643.734	    43.1344
36644.914	    50.8475
36646.070	    51.9031
36647.320	    48.0000
36648.672	    44.3787
36649.773	    54.4465
36650.875	    54.4465
36652.172	    46.2606
36653.531	    44.1501
36654.680	    52.2648
36656.031	    44.3787
36657.336	    45.9770
36658.539	    49.8753
36659.781	    48.3092
36661.102	    45.4545
36662.438	    44.9102
36663.641	    49.8753
36664.797	    51.9031
36666.078	    46.8384
36667.320	    48.3092
36668.328	    59.5238
36669.383	    56.8720
36670.727	    44.6429
36671.953	    48.8998
36672.984	    58.1959
36674.289	    45.9770
36675.516	    48.8998
36676.672	    51.9031
36677.727	    56.8720
36679.000	    47.1328
36680.305	    45.9770
36681.375	    56.0748
36682.484	    54.1028
36683.562	    55.6586
36684.617	    56.8720
36685.688	    56.0748
36687.086	    42.9185
36688.383	    46.2606
36689.484	    54.4465
36690.812	    45.1807
36692.094	    46.8384
36693.203	    54.1028
36694.461	    47.6948
36695.758	    46.2606
36696.891	    52.9568
36698.156	    47.3934
36699.570	    42.4328
36700.844	    47.1328
36702.000	    51.9031
36703.258	    47.6948
36704.586	    45.1807
36705.688	    54.4465
36706.867	    50.8475
36708.203	    44.9102
36709.297	    54.8446
36710.453	    51.9031
36711.805	    44.3787
36713.164	    44.1501
36714.422	    47.6948
36715.820	    42.9185
36717.117	    46.2606
36718.211	    54.8446
36719.469	    47.6948
36720.680	    49.5458
36721.867	    50.5051
36722.867	    60.0000
36723.961	    54.8446
36725.211	    48.0000
36726.391	    50.8475
36727.430	    57.7478
36728.672	    48.3092
36730.016	    44.6429
36731.180	    51.5464
36732.242	    56.4972
36733.469	    48.8998
36734.781	    45.7317
36735.852	    56.0748
36737.023	    51.1945
36738.242	    49.2207
36739.578	    44.9102
36740.742	    51.5464
36742.047	    45.9770
36743.414	    43.8917
36744.625	    49.5458
36745.844	    49.2207
36747.094	    48.0000
36748.422	    45.1807
36749.469	    57.3066
36750.539	    56.0748
36751.789	    48.0000
36753.141	    44.3787
36754.398	    47.6948
36755.750	    44.3787
36757.078	    45.1807
36758.258	    50.8475
36759.469	    49.5458
36760.734	    47.3934
36761.789	    56.8720
36762.930	    52.5854
36764.250	    45.4545
36765.469	    49.2207
36766.547	    55.6586
36767.602	    56.8720
36768.844	    48.3092
36770.156	    45.7317
36771.320	    51.5464
36772.617	    46.2606
36773.883	    47.3934
36774.969	    55.2486
36776.195	    48.8998
36777.594	    42.9185
36778.812	    49.2207
36780.008	    50.2092
36781.383	    43.6364
36782.664	    46.8384
36783.719	    56.8720
36784.969	    48.0000
36786.188	    49.2207
36787.477	    46.5477
36788.508	    58.1959
36789.594	    55.2486
36790.742	    52.2648
36792.016	    47.1328
36793.148	    52.9568
36794.398	    48.0000
36795.781	    43.3839
36796.984	    49.8753
36798.125	    52.5854
36799.367	    48.3092
36800.672	    45.9770
36801.844	    51.1945
36803.164	    45.4545
36804.461	    46.2606
36805.633	    51.1945
36806.703	    56.0748
36807.969	    47.3934
36809.320	    44.3787
36810.469	    52.2648
36811.633	    51.5464
36812.945	    45.7317
36814.266	    45.4545
36815.344	    55.6586
36816.578	    48.6224
36817.969	    43.1344
36819.227	    47.6948
36820.328	    54.4465
36821.539	    49.5458
36822.836	    46.2606
36823.953	    53.7153
36825.148	    50.2092
36826.477	    45.1807
36827.625	    52.2648
36828.727	    54.4465
36830.031	    45.9770
36831.352	    45.4545
36832.516	    51.5464
36833.719	    49.8753
36834.867	    52.2648
36836.117	    48.0000
36837.172	    56.8720
36838.305	    52.9568
36839.695	    43.1344
36841.000	    45.9770
36842.047	    57.3066
36843.086	    57.7478
36844.383	    46.2606
36845.758	    43.6364
36846.945	    50.5051
36848.211	    47.3934
36849.500	    46.5477
36850.586	    55.2486
36851.703	    53.7153
36853.109	    42.6743
36854.375	    47.3934
36855.383	    59.5238
36856.734	    44.3787
36858.062	    45.1807
36859.227	    51.5464
36860.250	    58.6510
36861.453	    49.8753
36862.852	    42.9185
36864.078	    48.8998
36865.312	    48.6224
36866.586	    47.1328
36867.844	    47.6948
36868.828	    60.9756
36869.922	    54.8446
36871.117	    50.2092
36872.344	    48.8998
36873.445	    54.4465
36874.672	    48.8998
36875.938	    47.3934
36877.094	    51.9031
36878.148	    56.8720
36879.391	    48.3092
36880.695	    45.9770
36881.758	    56.4972
36882.859	    54.4465
36884.109	    48.0000
36885.461	    44.3787
36886.547	    55.2486
36887.648	    54.4465
36888.953	    45.9770
36890.281	    45.1807
36891.500	    49.2207
36892.789	    46.5477
36894.172	    43.3839
36895.352	    50.8475
36896.617	    47.3934
36897.961	    44.6429
36899.117	    51.9031
36900.172	    56.8720
36901.328	    51.9031
36902.703	    43.6364
36903.820	    53.7153
36904.922	    54.4465
36906.141	    49.2207
36907.477	    44.9102
36908.531	    56.8720
36909.836	    45.9770
36911.078	    48.3092
36912.281	    49.8753
36913.352	    56.0748
36914.445	    54.8446
36915.828	    43.3839
36917.180	    44.3787
36918.227	    57.3066
36919.562	    44.9102
36920.820	    47.6948
36922.148	    45.1807
36923.297	    52.2648
36924.680	    43.3839
36925.945	    47.3934
36926.992	    57.3066
36928.078	    55.2486
36929.430	    44.3787
36930.727	    46.2606
36931.805	    55.6586
36933.164	    44.1501
36934.406	    48.3092
36935.500	    54.8446
36936.508	    59.5238
36937.695	    50.5051
36939.047	    44.3787
36940.125	    55.6586
36941.219	    54.8446
36942.492	    47.1328
36943.844	    44.3787
36945.070	    48.8998
36946.531	    41.0678
36947.852	    45.4545
36949.008	    51.9031
36950.297	    46.5477
36951.578	    46.8384
36952.859	    46.8384
36953.922	    56.4972
36955.320	    42.9185
36956.680	    44.1501
36957.961	    46.8384
36959.156	    50.2092
36960.398	    48.3092
36961.695	    46.2606
36962.781	    55.2486
36964.016	    48.6224
36965.289	    47.1328
36966.477	    50.5051
36967.539	    56.4972
36968.852	    45.7317
36970.242	    43.1344
36971.414	    51.1945
36972.539	    53.3333
36973.820	    46.8384
36974.930	    54.1028
36975.852	    65.0759
36976.812	    62.4350
36978.180	    43.8917
36979.414	    48.6224
36980.508	    54.8446
36981.828	    45.4545
36983.156	    45.1807
36984.281	    53.3333
36985.328	    57.3066
36986.711	    43.3839
36987.953	    48.3092
36989.000	    57.3066
36990.102	    54.4465
36991.305	    49.8753
36992.648	    44.6429
36993.836	    50.5051
36995.023	    50.5051
36996.398	    43.6364
36997.516	    53.7153
36998.859	    44.6429
37000.234	    43.6364
37001.547	    45.7317
37002.930	    43.3839
37004.250	    45.4545
37005.383	    52.9568
37006.656	    47.1328
37007.922	    47.3934
37009.203	    46.8384
37010.352	    52.2648
37011.539	    50.5051
37012.914	    43.6364
37014.086	    51.1945
37015.234	    52.2648
37016.594	    44.1501
37017.992	    42.9185
37019.148	    51.9031
37020.539	    43.1344
37021.867	    45.1807
37022.914	    57.3066
37024.227	    45.7317
37025.625	    42.9185
37026.844	    49.2207
37028.016	    51.1945
37029.266	    48.0000
37030.562	    46.2606
37031.734	    51.1945
37032.914	    50.8475
37034.203	    46.5477
37035.562	    44.1501
37036.727	    51.5464
37038.039	    45.7317
37039.250	    49.5458
37040.445	    50.2092
37041.328	    67.9502
37042.148	    73.1707
37042.945	    75.2823
37043.820	    68.5714
37045.250	    41.9580
37046.680	    41.9580
37048.016	    44.9102
37049.422	    42.6743
37050.781	    44.1501
37052.109	    45.1807
37053.258	    52.2648
37054.625	    43.8917
37055.930	    45.9770
37057.211	    46.8384
37058.281	    56.0748
37059.641	    44.1501
37061.000	    44.1501
37062.281	    46.8384
37063.305	    58.6510
37064.703	    42.9185
37066.031	    45.1807
37067.336	    45.9770
37068.492	    51.9031
37069.750	    47.6948
37071.062	    45.7317
37072.227	    51.5464
37073.266	    57.7478
37074.453	    50.5051
37075.828	    43.6364
37076.992	    51.5464
37078.094	    54.4465
37079.344	    48.0000
37080.648	    45.9770
37081.680	    58.1959
37082.812	    52.9568
37084.141	    45.1807
37085.461	    45.4545
37086.547	    55.2486
37087.938	    43.1344
37089.234	    46.2606
37090.305	    56.0748
37091.531	    48.8998
37093.000	    40.8441
37094.258	    47.6948
37095.164	    66.2252
37096.039	    68.5714
37096.914	    68.5714
37098.570	    36.2319
37100.164	    37.6412
37101.656	    40.2145
37103.070	    42.4328
37104.516	    41.5225
37105.953	    41.7246
37107.281	    45.1807
37108.656	    43.6364
37109.930	    47.1328
37111.312	    43.3839
37112.641	    45.1807
37113.938	    46.2606
37115.055	    53.7153
37116.500	    41.5225
37117.820	    45.4545
37119.023	    49.8753
37120.203	    50.8475
37121.688	    40.4313
37123.070	    43.3839
37124.195	    53.3333
37125.414	    49.2207
37126.812	    42.9185
37128.070	    47.6948
37129.180	    54.1028
37130.547	    43.8917
37131.883	    44.9102
37133.070	    50.5051
37134.344	    47.1328
37135.609	    47.3934
37136.789	    50.8475
37137.852	    56.4972
37139.227	    43.6364
37140.523	    46.2606
37141.680	    51.9031
37143.023	    44.6429
37144.297	    47.1328
37145.453	    51.9031
37146.500	    57.3066
37147.672	    51.1945
37149.078	    42.6743
37150.273	    50.2092
37151.492	    49.2207
37152.719	    48.8998
37154.023	    45.9770
37155.117	    54.8446
37156.266	    52.2648
37157.695	    41.9580
37158.930	    48.6224
37160.039	    54.1028
37161.297	    47.6948
37162.680	    43.3839
37163.836	    51.9031
37165.039	    49.8753
37166.391	    44.3787
37167.570	    50.8475
37168.742	    51.1945
37169.961	    49.2207
37171.289	    45.1807
37172.398	    54.1028
37173.570	    51.1945
37174.922	    44.3787
37176.039	    53.7153
37177.148	    54.1028
37178.312	    51.5464
37179.633	    45.4545
37180.727	    54.8446
37181.938	    49.5458
37183.211	    47.1328
37184.367	    51.9031
37185.453	    55.2486
37186.680	    48.8998
37188.023	    44.6429
37189.211	    50.5051
37190.500	    46.5477
37191.875	    43.6364
37193.031	    51.9031
37194.203	    51.1945
37195.555	    44.3787
37196.852	    46.2606
37198.109	    47.6948
37199.484	    43.6364
37200.805	    45.4545
37201.883	    55.6586
37203.195	    45.7317
37204.438	    48.3092
37205.570	    52.9568
37206.695	    53.3333
37207.938	    48.3092
37209.266	    45.1807
37210.406	    52.5854
37211.578	    51.1945
37212.883	    45.9770
37213.984	    54.4465
37215.281	    46.2606
37216.648	    43.8917
37217.820	    51.1945
37218.992	    51.1945
37220.219	    48.8998
37221.492	    47.1328
37222.625	    52.9568
37223.867	    48.3092
37225.219	    44.3787
37226.367	    52.2648
37227.570	    49.8753
37228.773	    49.8753
37229.938	    51.5464
37230.992	    56.8720
37232.203	    49.5458
37233.484	    46.8384
37234.523	    57.7478
37235.648	    53.3333
37236.820	    51.1945
37237.914	    54.8446
37239.039	    53.3333
37240.383	    44.6429
37241.703	    45.4545
37242.867	    51.5464
37244.211	    44.6429
37245.531	    45.4545
37246.695	    51.5464
37247.953	    47.6948
37249.164	    49.5458
37250.516	    44.3787
37251.750	    48.6224
37253.156	    42.6743
37254.461	    45.9770
37255.594	    52.9568
37256.891	    46.2606
37258.211	    45.4545
37259.453	    48.3092
37260.711	    47.6948
37262.023	    45.7317
37263.266	    48.3092
37264.383	    53.7153
37265.781	    42.9185
37267.008	    48.8998
37268.141	    52.9568
37269.289	    52.2648
37270.602	    45.7317
37271.906	    45.9770
37272.930	    58.6510
37274.125	    50.2092
37275.461	    44.9102
37276.586	    53.3333
37277.695	    54.1028
37279.133	    41.7246
37280.414	    46.8384
37281.680	    47.3934
37283.000	    45.4545
37284.250	    48.0000
37285.305	    56.8720
37286.719	    42.4328
37287.945	    48.8998
37289.055	    54.1028
37290.156	    54.4465
37291.430	    47.1328
37292.703	    47.1328
37293.781	    55.6586
37294.945	    51.5464
37296.242	    46.2606
37297.461	    49.2207
37298.578	    53.7153
37299.773	    50.2092
37301.102	    45.1807
37302.172	    56.0748
37303.516	    44.6429
37304.727	    49.5458
37305.898	    51.1945
37306.977	    55.6586
37308.289	    45.7317
37309.648	    44.1501
37310.805	    51.9031
37312.133	    45.1807
37313.414	    46.8384
37314.492	    55.6586
37315.680	    50.5051
37316.977	    46.2606
37318.250	    47.1328
37319.430	    50.8475
37320.625	    50.2092
37321.914	    46.5477
37322.992	    55.6586
37324.219	    48.8998
37325.602	    43.3839
37326.766	    51.5464
37328.078	    45.7317
37329.266	    50.5051
37330.430	    51.5464
37331.539	    54.1028
37332.844	    45.9770
37334.164	    45.4545
37335.211	    57.3066
37336.453	    48.3092
37337.648	    50.2092
37338.664	    59.0551
37339.727	    56.4972
37341.055	    45.1807
37342.328	    47.1328
37343.328	    60.0000
37344.680	    44.3787
37345.820	    52.5854
37346.875	    56.8720
37348.039	    51.5464
37349.367	    45.1807
37350.734	    43.8917
37351.898	    51.5464
37353.164	    47.3934
37354.492	    45.1807
37355.695	    49.8753
37356.836	    52.5854
37358.109	    47.1328
37359.398	    46.5477
37360.586	    50.5051
37361.875	    46.5477
37363.219	    44.6429
37364.422	    49.8753
37365.758	    44.9102
37366.992	    48.6224
37368.086	    54.8446
37369.281	    50.2092
37370.727	    41.5225
37371.984	    47.6948
37373.156	    51.1945
37374.492	    44.9102
37375.812	    45.4545
37376.992	    50.8475
37378.242	    48.0000
37379.516	    47.1328
37380.742	    48.8998
37381.945	    49.8753
37383.281	    44.9102
37384.492	    49.5458
37385.586	    54.8446
37386.711	    53.3333
37387.984	    47.1328
37389.234	    48.0000
37390.328	    54.8446
37391.570	    48.3092
37392.883	    45.7317
37394.000	    53.7153
37395.203	    49.8753
37396.523	    45.4545
37397.750	    48.8998
37398.867	    53.7153
37400.125	    47.6948
37401.477	    44.3787
37402.633	    51.9031
37403.906	    47.1328
37405.242	    44.9102
37406.477	    48.6224
37407.547	    56.0748
37408.773	    48.8998
37410.102	    45.1807
37411.156	    56.8720
37412.492	    44.9102
37413.680	    50.5051
37414.867	    50.5051
37415.977	    54.1028
37417.320	    44.6429
37418.719	    42.9185
37419.898	    50.8475
37421.195	    46.2606
37422.430	    48.6224
37423.633	    49.8753
37424.781	    52.2648
37426.109	    45.1807
37427.336	    48.8998
37428.391	    56.8720
37429.531	    52.5854
37430.805	    47.1328
37432.102	    46.2606
37433.312	    49.5458
37434.523	    49.5458
37435.836	    45.7317
37436.992	    51.9031
37438.266	    47.1328
37439.508	    48.3092
37440.602	    54.8446
37441.641	    57.7478
37443.008	    43.8917
37444.359	    44.3787
37445.555	    50.2092
37446.852	    46.2606
37448.172	    45.4545
37449.344	    51.1945
37450.680	    44.9102
37452.070	    43.1344
37453.219	    52.2648
37454.492	    47.1328
37455.766	    47.1328
37456.875	    54.1028
37458.148	    47.1328
37459.477	    45.1807
37460.695	    49.2207
37461.773	    55.6586
37462.984	    49.5458
37464.289	    45.9770
37465.508	    49.2207
37466.586	    55.6586
37467.922	    44.9102
37469.242	    45.4545
37470.359	    53.7153
37471.484	    53.3333
37472.703	    49.2207
37474.055	    44.3787
37475.148	    54.8446
37476.289	    52.5854
37477.539	    48.0000
37478.930	    43.1344
37480.219	    46.5477
37481.477	    47.6948
37482.727	    48.0000
37483.891	    51.5464
37485.070	    50.8475
37486.492	    42.1941
37487.820	    45.1807
37488.984	    51.5464
37490.266	    46.8384
37491.602	    44.9102
37492.711	    54.1028
37494.039	    45.1807
37495.320	    46.8384
37496.492	    51.1945
37497.570	    55.6586
37498.836	    47.3934
37500.219	    43.3839
37501.477	    47.6948
37502.555	    55.6586
37503.812	    47.6948
37505.188	    43.6364
37506.250	    56.4972
37507.391	    52.5854
37508.531	    52.5854
37509.961	    41.9580
37511.367	    42.6743
37512.852	    40.4313
37514.211	    44.1501
37515.461	    48.0000
37516.820	    44.1501
37518.070	    48.0000
37519.102	    58.1959
37520.211	    54.1028
37521.656	    41.5225
37522.703	    57.3066
37524.086	    43.3839
37525.383	    46.2606
37526.648	    47.3934
37527.734	    55.2486
37529.086	    44.3787
37530.438	    44.3787
37531.570	    52.9568
37532.930	    44.1501
37534.141	    49.5458
37535.219	    55.6586
37536.227	    59.5238
37537.367	    52.5854
37538.680	    45.7317
37539.891	    49.5458
37541.023	    52.9568
37542.258	    48.6224
37543.539	    46.8384
37544.523	    60.9756
37545.672	    52.2648
37546.719	    57.3066
37547.961	    48.3092
37549.133	    51.1945
37550.430	    46.2606
37551.820	    43.1344
37553.047	    48.8998
37554.258	    49.5458
37555.609	    44.3787
37556.797	    50.5051
37557.906	    54.1028
37559.219	    45.7317
37560.578	    44.1501
37561.680	    54.4465
37563.062	    43.3839
37564.336	    47.1328
37565.445	    54.1028
37566.492	    57.3066
37567.844	    44.3787
37569.250	    42.6743
37570.453	    49.8753
37571.711	    47.6948
37573.102	    43.1344
37574.336	    48.6224
37575.398	    56.4972
37576.680	    46.8384
37577.617	    63.9659
37578.438	    73.1707
37579.234	    75.2823
37580.047	    73.8916
37581.484	    41.7246
37582.477	    60.4839
37583.336	    69.8487
37584.242	    66.2252
37585.203	    62.4350
37586.164	    62.4350
37587.070	    66.2252
37587.992	    65.0759
37588.953	    62.4350
37589.828	    68.5714
37590.672	    71.0900
37591.500	    72.4638
37592.352	    70.4225
37593.211	    69.8487
37594.125	    65.6455
37595.547	    42.1941
37596.781	    48.6224
37597.992	    49.5458
37599.164	    51.1945
37600.516	    44.3787
37601.852	    44.9102
37603.086	    48.6224
37604.102	    59.0551
37605.031	    64.5161
37606.344	    45.7317
37607.336	    60.4839
37608.906	    38.2166
37610.391	    40.4313
37611.781	    43.1344
37613.297	    39.5778
37614.641	    44.6429
37615.930	    46.5477
37617.273	    44.6429
37618.523	    48.0000
37619.562	    57.7478
37620.656	    54.8446
37622.148	    40.2145
37623.492	    44.6429
37624.680	    50.5051
37626.086	    42.6743
37627.359	    47.1328
37628.531	    51.1945
37629.570	    57.7478
37630.984	    42.4328
37632.336	    44.3787
37633.383	    57.3066
37634.609	    48.8998
37635.836	    48.8998
37637.023	    50.5051
37638.078	    56.8720
37639.398	    45.4545
37640.766	    43.8917
37642.078	    45.7317
37643.188	    54.1028
37644.562	    43.6364
37645.797	    48.6224
37646.852	    56.8720
37647.812	    62.4350
37649.281	    40.8441
37650.625	    44.6429
37651.711	    55.2486
37653.023	    45.7317
37654.344	    45.4545
37655.461	    53.7153
37656.477	    59.0551
37657.828	    44.3787
37659.188	    44.1501
37660.344	    51.9031
37661.602	    47.6948
37662.852	    48.0000
37664.023	    51.1945
37665.031	    59.5238
37666.352	    45.4545
37667.648	    46.2606
37668.867	    49.2207
37669.906	    57.7478
37671.195	    46.5477
37672.391	    50.2092
37673.477	    55.2486
37674.641	    51.5464
37676.094	    41.2939
37677.391	    46.2606
37678.656	    47.3934
37679.898	    48.3092
37681.273	    43.6364
37682.461	    50.5051
37683.758	    46.2606
37685.109	    44.3787
37686.414	    45.9770
37687.570	    51.9031
37688.992	    42.1941
37690.367	    43.6364
37691.477	    54.1028
37692.594	    53.7153
37693.891	    46.2606
37695.250	    44.1501
37696.445	    50.2092
37697.617	    51.1945
37698.961	    44.6429
37700.102	    52.5854
37701.469	    43.8917
37702.898	    41.9580
37704.180	    46.8384
37705.398	    49.2207
37706.695	    46.2606
37708.031	    44.9102
37709.164	    52.9568
37710.398	    48.6224
37711.695	    46.2606
37712.898	    49.8753
37713.938	    57.7478
37715.297	    44.1501
37716.672	    43.6364
37717.820	    52.2648
37718.969	    52.2648
37720.328	    44.1501
37721.570	    48.3092
37722.625	    56.8720
37723.703	    55.6586
37725.125	    42.1941
37726.508	    43.3839
37727.711	    49.8753
37728.953	    48.3092
37730.273	    45.4545
37731.383	    54.1028
37732.539	    51.9031
37733.805	    47.3934
37734.961	    51.9031
37736.078	    53.7153
37737.328	    48.0000
37738.703	    43.6364
37739.844	    52.5854
37741.117	    47.1328
37742.500	    43.3839
37743.758	    47.6948
37744.922	    51.5464
37746.172	    48.0000
37747.555	    43.3839
37748.766	    49.5458
37750.141	    43.6364
37751.430	    46.5477
37752.555	    53.3333
37753.633	    55.6586
37755.008	    43.6364
37756.359	    44.3787
37757.516	    51.9031
37758.828	    45.7317
37760.055	    48.8998
37761.117	    56.4972
37762.320	    49.8753
37763.539	    49.2207
37764.844	    45.9770
37765.883	    57.7478
37767.078	    50.2092
37768.445	    43.8917
37769.609	    51.5464
37770.844	    48.6224
37772.188	    44.6429
37773.391	    49.8753
37774.430	    57.7478
37775.547	    53.7153
37776.906	    44.1501
37778.211	    45.9770
37779.477	    47.3934
37780.836	    44.1501
37782.125	    46.5477
37783.211	    55.2486
37784.406	    50.2092
37785.758	    44.3787
37786.953	    50.2092
37788.062	    54.1028
37789.398	    44.9102
37790.711	    45.7317
37791.844	    52.9568
37793.125	    46.8384
37794.484	    44.1501
37795.734	    48.0000
37796.789	    56.8720
37798.055	    47.3934
37799.391	    44.9102
37800.562	    51.1945
37801.688	    53.3333
37802.930	    48.3092
37804.188	    47.6948
37805.266	    55.6586
37806.328	    56.4972
37807.539	    49.5458
37808.922	    43.3839
37810.039	    53.7153
37811.375	    44.9102
37812.758	    43.3839
37813.984	    48.8998
37815.359	    43.6364
37816.719	    44.1501
37818.008	    46.5477
37819.312	    45.9770
37820.719	    42.6743
37822.023	    45.9770
37823.078	    56.8720
37824.289	    49.5458
37825.680	    43.1344
37826.945	    47.3934
37828.219	    47.1328
37829.484	    47.3934
37830.758	    47.1328
37831.773	    59.0551
37832.930	    51.9031
37834.273	    44.6429
37835.594	    45.4545
37836.867	    47.1328
37838.180	    45.7317
37839.359	    50.8475
37840.469	    54.1028
37841.609	    52.5854
37842.969	    44.1501
37844.156	    50.5051
37845.375	    49.2207
37846.719	    44.6429
37848.102	    43.3839
37849.266	    51.5464
37850.398	    52.9568
37851.586	    50.5051
37852.875	    46.5477
37853.875	    60.0000
37854.758	    67.9502
37855.594	    71.7703
37856.445	    70.4225
37857.312	    69.2042
37858.352	    57.7478
37859.297	    63.4921
37860.172	    68.5714
37861.055	    67.9502
37861.898	    71.0900
37862.688	    76.0456
37863.477	    76.0456
37864.250	    77.6197
37865.016	    78.3290
37865.797	    76.8246
37866.617	    73.1707
37867.414	    75.2823
37868.234	    73.1707
37869.062	    72.4638
37869.898	    71.7703
37870.719	    73.1707
37871.539	    73.1707
37872.336	    75.2823
37873.148	    73.8916
37873.961	    73.8916
37874.750	    76.0456
37875.562	    73.8916
37876.344	    76.8246
37877.125	    76.8246
37877.906	    76.8246
37878.703	    75.2823
37879.469	    78.3290
37880.219	    80.0000
37880.961	    80.8625
37881.688	    82.5310
37882.398	    84.3882
37883.102	    85.3485
37883.820	    83.4492
37884.570	    80.0000
37885.328	    79.1557
37886.117	    76.0456
37886.930	    73.8916
37887.773	    71.0900
37888.938	    51.5464
37890.227	    46.5477
37891.367	    52.5854
37892.680	    45.7317
37893.938	    47.6948
37895.141	    49.8753
37896.117	    61.4125
37897.578	    41.0678
37898.969	    43.1344
37900.227	    47.6948
37901.422	    50.2092
37902.828	    42.6743
37904.047	    49.2207
37905.164	    53.7153
37906.617	    41.2939
37907.938	    45.4545
37908.930	    60.4839
37910.406	    40.6229
37911.734	    45.1807
37912.836	    54.4465
37913.828	    60.4839
37915.070	    48.3092
37916.492	    42.1941
37917.711	    49.2207
37918.727	    59.0551
37920.055	    45.1807
37921.430	    43.6364
37922.594	    51.5464
37923.719	    53.3333
37924.969	    48.0000
37926.367	    42.9185
37927.430	    56.4972
37928.727	    46.2606
37930.070	    44.6429
37931.188	    53.7153
37932.234	    57.3066
37933.445	    49.5458
37934.898	    41.2939
37936.086	    50.5051
37937.398	    45.7317
37938.648	    48.0000
37939.789	    52.5854
37940.969	    50.8475
37942.359	    43.1344
37943.617	    47.6948
37944.633	    59.0551
37945.648	    59.0551
37946.781	    52.9568
37948.008	    48.8998
37949.078	    56.0748
37950.203	    53.3333
37951.523	    45.4545
37952.688	    51.5464
37953.680	    60.4839
37954.820	    52.5854
37956.062	    48.3092
37957.188	    53.3333
37958.250	    56.4972
37959.383	    52.9568
37960.695	    45.7317
37961.805	    54.1028
37962.992	    50.5051
37964.297	    45.9770
37965.430	    52.9568
37966.438	    59.5238
37967.539	    54.4465
37968.883	    44.6429
37970.156	    47.1328
37971.320	    51.5464
37972.680	    44.1501
37973.891	    49.5458
37974.930	    57.7478
37975.961	    58.1959
37977.094	    52.9568
37978.305	    49.5458
37979.438	    52.9568
37980.445	    59.5238
37981.758	    45.7317
37983.117	    44.1501
37984.352	    48.6224
37985.742	    43.1344
37986.992	    48.0000
37988.016	    58.6510
37989.305	    46.5477
37990.641	    44.9102
37991.734	    54.8446
37992.789	    56.8720
37994.203	    42.4328
37995.539	    44.9102
37996.609	    56.0748
37998.031	    42.1941
37999.367	    44.9102
38000.453	    55.2486
38001.516	    56.4972
38002.898	    43.3839
38004.227	    45.1807
38005.438	    49.5458
38006.711	    47.1328
38007.961	    48.0000
38009.070	    54.1028
38010.125	    56.8720
38011.531	    42.6743
38012.891	    44.1501
38013.883	    60.4839
38015.195	    45.7317
38016.438	    48.3092
38017.477	    57.7478
38018.469	    60.4839
38019.727	    47.6948
38021.016	    46.5477
38022.141	    53.3333
38023.414	    47.1328
38024.664	    48.0000
38025.820	    51.9031
38026.867	    57.3066
38028.078	    49.5458
38029.453	    43.6364
38030.656	    49.8753
38031.727	    56.0748
38033.055	    45.1807
38034.422	    43.8917
38035.570	    52.2648
38036.711	    52.5854
38038.008	    46.2606
38039.383	    43.6364
38040.562	    50.8475
38041.836	    47.1328
38043.273	    41.7246
38044.469	    50.2092
38045.711	    48.3092
38047.008	    46.2606
38048.383	    43.6364
38049.500	    53.7153
38050.773	    47.1328
38052.195	    42.1941
38053.438	    48.3092
38054.711	    47.1328
38055.961	    48.0000
38057.328	    43.8917
38058.492	    51.5464
38059.859	    43.8917
38061.242	    43.3839
38062.375	    52.9568
38063.367	    60.4839
38064.773	    42.6743
38066.070	    46.2606
38067.023	    62.9591
38068.070	    57.3066
38069.180	    54.1028
38070.508	    45.1807
38071.594	    55.2486
38072.867	    47.1328
38074.312	    41.5225
38075.578	    47.3934
38076.742	    51.5464
38077.922	    50.8475
38079.203	    46.8384
38080.391	    50.5051
38081.438	    57.3066
38082.625	    50.5051
38083.977	    44.3787
38085.219	    48.3092
38086.266	    57.3066
38087.594	    45.1807
38088.969	    43.6364
38090.188	    49.2207
38091.250	    56.4972
38092.453	    49.8753
38093.844	    43.1344
38095.008	    51.5464
38096.219	    49.5458
38097.625	    42.6743
38098.906	    46.8384
38100.141	    48.6224
38101.445	    45.9770
38102.602	    51.9031
38103.633	    58.1959
38105.094	    41.0678
38106.453	    44.1501
38107.781	    45.1807
38108.992	    49.5458
38110.438	    41.5225
38111.734	    46.2606
38112.859	    53.3333
38114.055	    50.2092
38115.500	    41.5225
38116.727	    48.8998
38117.773	    57.3066
38119.250	    40.6229
38120.523	    47.1328
38121.688	    51.5464
38123.008	    45.4545
38124.344	    44.9102
38125.445	    54.4465
38126.672	    48.8998
38127.883	    49.5458
38128.953	    56.0748
38130.109	    51.9031
38131.531	    42.1941
38132.766	    48.6224
38133.852	    55.2486
38135.141	    46.5477
38136.516	    43.6364
38137.703	    50.5051
38138.961	    47.6948
38140.250	    46.5477
38141.531	    46.8384
38142.648	    53.7153
38143.953	    45.9770
38145.367	    42.4328
38146.602	    48.6224
38147.883	    46.8384
38149.188	    45.9770
38150.516	    45.1807
38151.633	    53.7153
38152.984	    44.3787
38154.453	    40.8441
38155.695	    48.3092
38156.938	    48.3092
38158.234	    46.2606
38159.617	    43.3839
38160.758	    52.5854
38162.234	    40.6229
38163.641	    42.6743
38164.875	    48.6224
38166.180	    45.9770
38167.547	    43.8917
38168.820	    47.1328
38169.938	    53.7153
38171.266	    45.1807
38172.562	    46.2606
38173.773	    49.5458
38174.836	    56.4972
38176.117	    46.8384
38177.469	    44.3787
38178.547	    55.6586
38179.938	    43.1344
38181.312	    43.6364
38182.555	    48.3092
38183.711	    51.9031
38185.031	    45.4545
38186.398	    43.8917
38187.422	    58.6510
38188.516	    54.8446
38189.719	    49.8753
38190.805	    55.2486
38191.914	    54.1028
38193.031	    53.7153
38194.273	    48.3092
38195.602	    45.1807
38196.938	    44.9102
38198.211	    47.1328
38199.508	    46.2606
38200.680	    51.1945
38202.055	    43.6364
38203.406	    44.3787
38204.602	    50.2092
38205.789	    50.5051
38207.133	    44.6429
38208.523	    43.1344
38209.719	    50.2092
38211.016	    46.2606
38212.359	    44.6429
38213.695	    44.9102
38214.984	    46.5477
38216.422	    41.7246
38217.750	    45.1807
38218.922	    51.1945
38220.336	    42.4328
38221.719	    43.3839
38222.914	    50.2092
38224.227	    45.7317
38225.625	    42.9185
38226.938	    45.7317
38228.203	    47.3934
38229.570	    43.8917
38230.883	    45.7317
38232.055	    51.1945
38233.461	    42.6743
38234.773	    45.7317
38235.898	    53.3333
38237.070	    51.1945
38238.422	    44.3787
38239.805	    43.3839
38240.938	    52.9568
38242.141	    49.8753
38243.453	    45.7317
38244.688	    48.6224
38245.828	    52.5854
38247.133	    45.9770
38248.531	    42.9185
38249.812	    46.8384
38251.102	    46.5477
38252.453	    44.3787
38253.781	    45.1807
38255.016	    48.6224
38256.312	    46.2606
38257.750	    41.7246
38258.992	    48.3092
38260.359	    43.8917
38261.773	    42.4328
38263.016	    48.3092
38264.203	    50.5051
38265.547	    44.6429
38266.914	    43.8917
38268.070	    51.9031
38269.414	    44.6429
38270.805	    43.1344
38272.023	    49.2207
38273.320	    46.2606
38274.617	    46.2606
38275.906	    46.5477
38277.062	    51.9031
38278.445	    43.3839
38279.820	    43.6364
38280.992	    51.1945
38282.188	    50.2092
38283.445	    47.6948
38284.781	    44.9102
38285.852	    56.0748
38287.133	    46.8384
38288.461	    45.1807
38289.602	    52.5854
38290.688	    55.2486
38291.836	    52.2648
38293.062	    48.8998
38294.320	    47.6948
38295.531	    49.5458
38296.812	    46.8384
38298.133	    45.4545
38299.273	    52.5854
38300.562	    46.5477
38301.969	    42.6743
38303.219	    48.0000
38304.438	    49.2207
38305.812	    43.6364
38307.094	    46.8384
38308.195	    54.4465
38309.430	    48.6224
38310.969	    38.9864
38312.312	    44.6429
38313.547	    48.6224
38314.820	    47.1328
38316.234	    42.4328
38317.484	    48.0000
38318.766	    46.8384
38320.211	    41.5225
38321.539	    45.1807
38322.656	    53.7153
38323.969	    45.7317
38325.312	    44.6429
38326.602	    46.5477
38327.711	    54.1028
38328.961	    48.0000
38330.305	    44.6429
38331.453	    52.2648
38332.641	    50.5051
38333.883	    48.3092
38335.234	    44.3787
38336.406	    51.1945
38337.898	    40.2145
38339.227	    45.1807
38340.398	    51.1945
38341.805	    42.6743
38343.180	    43.6364
38344.414	    48.6224
38345.445	    58.1959
38346.594	    52.2648
38347.953	    44.1501
38349.289	    44.9102
38350.594	    45.9770
38351.961	    43.8917
38353.242	    46.8384
38354.516	    47.1328
38355.773	    47.6948
38357.078	    45.9770
38358.219	    52.5854
38359.508	    46.5477
38360.961	    41.2939
38362.227	    47.3934
38363.508	    46.8384
38364.844	    44.9102
38366.203	    44.1501
38367.328	    53.3333
38368.547	    49.2207
38369.953	    42.6743
38371.219	    47.3934
38372.258	    57.7478
38373.594	    44.9102
38374.898	    45.9770
38376.109	    49.5458
38377.258	    52.2648
38378.562	    45.9770
38379.945	    43.3839
38381.133	    50.5051
38382.469	    44.9102
38383.820	    44.3787
38385.102	    46.8384
38386.312	    49.5458
38387.711	    42.9185
38389.094	    43.3839
38390.188	    54.8446
38391.633	    41.5225
38393.023	    43.1344
38394.219	    50.2092
38395.562	    44.6429
38396.945	    43.3839
38398.188	    48.3092
38399.305	    53.7153
38400.594	    46.5477
38401.969	    43.6364
38403.070	    54.4465
38404.391	    45.4545
38405.695	    45.9770
38406.867	    51.1945
38407.969	    54.4465
38409.273	    45.9770
38410.570	    46.2606
38411.602	    58.1959
38412.844	    48.3092
38414.180	    44.9102
38415.453	    47.1328
38416.523	    56.0748
38417.805	    46.8384
38419.219	    42.4328
38420.469	    48.0000
38421.648	    50.8475
38422.875	    48.8998
38424.242	    43.8917
38425.430	    50.5051
38426.820	    43.1344
38428.156	    44.9102
38429.359	    49.8753
38430.508	    52.2648
38431.922	    42.4328
38433.250	    45.1807
38434.359	    54.1028
38435.680	    45.4545
38437.141	    41.0678
38438.469	    45.1807
38439.719	    48.0000
38441.117	    42.9185
38442.414	    46.2606
38443.469	    56.8720
38444.867	    42.9185
38446.211	    44.6429
38447.445	    48.6224
38448.602	    51.9031
38449.914	    45.7317
38451.344	    41.9580
38452.625	    46.8384
38453.906	    46.8384
38455.344	    41.7246
38456.617	    47.1328
38457.758	    52.5854
38459.109	    44.3787
38460.422	    45.7317
38461.516	    54.8446
38462.875	    44.1501
38464.156	    46.8384
38465.344	    50.5051
38466.453	    54.1028
38467.953	    40.0000
38469.281	    45.1807
38470.344	    56.4972
38471.820	    40.6229
38473.148	    45.1807
38474.297	    52.2648
38475.695	    42.9185
38477.055	    44.1501
38478.312	    47.6948
38479.492	    50.8475
38480.883	    43.1344
38482.258	    43.6364
38483.492	    48.6224
38484.781	    46.5477
38486.195	    42.4328
38487.516	    45.4545
38488.836	    45.4545
38490.219	    43.3839
38491.547	    45.1807
38492.820	    47.1328
38493.883	    56.4972
38495.305	    42.1941
38496.609	    45.9770
38497.656	    57.3066
38498.836	    50.8475
38500.164	    45.1807
38501.555	    43.1344
38502.750	    50.2092
38503.984	    48.6224
38505.406	    42.1941
38506.641	    48.6224
38507.828	    50.5051
38509.227	    42.9185
38510.617	    43.1344
38511.812	    50.2092
38513.195	    43.3839
38514.523	    45.1807
38515.750	    48.8998
38516.836	    55.2486
38518.125	    46.5477
38519.508	    43.3839
38520.641	    52.9568
38521.781	    52.5854
38523.172	    43.1344
38524.539	    43.8917
38525.711	    51.1945
38527.023	    45.7317
38528.453	    41.9580
38529.688	    48.6224
38530.891	    49.8753
38532.180	    46.5477
38533.547	    43.8917
38534.805	    47.6948
38536.148	    44.6429
38537.414	    47.3934
38538.617	    49.8753
38539.766	    52.2648
38541.141	    43.6364
38542.469	    45.1807
38543.578	    54.1028
38544.797	    49.2207
38546.281	    40.4313
38547.609	    45.1807
38548.867	    47.6948
38550.195	    45.1807
38551.602	    42.6743
38552.875	    47.1328
38553.969	    54.8446
38555.289	    45.4545
38556.711	    42.1941
38558.016	    45.9770
38559.422	    42.6743
38560.820	    42.9185
38562.109	    46.5477
38563.266	    51.9031
38564.586	    45.4545
38565.883	    46.2606
38567.008	    53.3333
38568.250	    48.3092
38569.758	    39.7878
38571.086	    45.1807
38572.281	    50.2092
38573.578	    46.2606
38575.000	    42.1941
38576.227	    48.8998
38577.555	    45.1807
38578.945	    43.1344
38580.250	    45.9770
38581.320	    56.0748
38582.688	    43.8917
38584.125	    41.7246
38585.398	    47.1328
38586.633	    48.6224
38588.086	    41.2939
38589.414	    45.1807
38590.570	    51.9031
38591.922	    44.3787
38593.234	    45.7317
38594.398	    51.5464
38595.547	    52.2648
38596.836	    46.5477
38598.250	    42.4328
38599.492	    48.3092
38600.883	    43.1344
38602.305	    42.1941
38603.555	    48.0000
38604.969	    42.4328
38606.344	    43.6364
38607.523	    50.8475
38608.820	    46.2606
38610.141	    45.4545
38611.352	    49.5458
38612.484	    52.9568
38613.820	    44.9102
38615.156	    44.9102
38616.312	    51.9031
38617.578	    47.3934
38618.953	    43.6364
38620.172	    49.2207
38621.570	    42.9185
38622.945	    43.6364
38624.133	    50.5051
38625.406	    47.1328
38626.648	    48.3092
38627.977	    45.1807
38629.102	    53.3333
38630.414	    45.7317
38631.781	    43.8917
38632.938	    51.9031
38634.250	    45.7317
38635.656	    42.6743
38636.906	    48.0000
38637.961	    56.8720
38639.281	    45.4545
38640.703	    42.1941
38641.969	    47.3934
38643.336	    43.8917
38644.719	    43.3839
38646.008	    46.5477
38647.258	    48.0000
38648.617	    44.1501
38649.891	    47.1328
38651.070	    50.8475
38652.250	    50.8475
38653.680	    41.9580
38654.969	    46.5477
38656.117	    52.2648
38657.297	    50.8475
38658.609	    45.7317
38659.812	    49.8753
38660.875	    56.4972
38662.078	    49.8753
38663.344	    47.3934
38664.500	    51.9031
38665.906	    42.6743
38667.281	    43.6364
38668.570	    46.5477
38669.727	    51.9031
38671.070	    44.6429
38672.375	    45.9770
38673.602	    48.8998
38674.758	    51.9031
38676.070	    45.7317
38677.523	    41.2939
38678.727	    49.8753
38680.125	    42.9185
38681.562	    41.7246
38682.930	    43.8917
38684.195	    47.3934
38685.734	    38.9864
38687.148	    42.4328
38688.523	    43.6364
38689.953	    41.9580
38691.328	    43.6364
38692.461	    52.9568
38693.914	    41.2939
38695.273	    44.1501
38696.438	    51.5464
38697.773	    44.9102
38699.164	    43.1344
38700.328	    51.5464
38701.438	    54.1028
38702.914	    40.6229
38704.266	    44.3787
38705.664	    42.9185
38707.078	    42.4328
38708.484	    42.6743
38709.703	    49.2207
38711.141	    41.7246
38712.508	    43.8917
38713.734	    48.8998
38714.961	    48.8998
38716.352	    43.1344
38717.766	    42.4328
38718.891	    53.3333
38720.258	    43.8917
38721.477	    49.2207
38722.695	    49.2207
38723.805	    54.1028
38725.242	    41.7246
38726.562	    45.4545
38727.688	    53.3333
38729.023	    44.9102
38730.344	    45.4545
38731.539	    50.2092
38732.594	    56.8720
38733.875	    46.8384
38735.250	    43.6364
38736.445	    50.2092
38737.766	    45.4545
38739.180	    42.4328
38740.312	    52.9568
38741.414	    54.4465
38742.742	    45.1807
38744.102	    44.1501
38745.203	    54.4465
38746.234	    58.1959
38747.734	    40.0000
38749.133	    42.9185
38750.211	    55.6586
38751.078	    69.2042
38752.102	    58.6510
38753.336	    48.6224
38754.234	    66.8151
38755.172	    63.9659
38756.562	    43.1344
38757.516	    62.9591
38758.594	    55.6586
38760.023	    41.9580
38761.320	    46.2606
38762.633	    45.7317
38764.031	    42.9185
38765.344	    45.7317
38766.711	    43.8917
38768.070	    44.1501
38769.547	    40.6229
38770.977	    41.9580
38772.266	    46.5477
38773.586	    45.4545
38775.062	    40.6229
38776.438	    43.6364
38777.641	    49.8753
38779.062	    42.1941
38780.492	    41.9580
38781.727	    48.6224
38782.914	    50.5051
38784.422	    39.7878
38785.742	    45.4545
38786.930	    50.5051
38788.383	    41.2939
38789.703	    45.4545
38790.797	    54.8446
38791.938	    52.5854
38793.453	    39.5778
38794.781	    45.1807
38796.125	    44.6429
38797.555	    41.9580
38798.867	    45.7317
38799.922	    56.8720
38801.086	    51.5464
38802.391	    45.9770
38803.578	    50.5051
38804.648	    56.0748
38806.125	    40.6229
38807.570	    41.5225
38808.875	    45.9770
38810.211	    44.9102
38811.656	    41.5225
38812.891	    48.6224
38814.039	    52.2648
38815.414	    43.6364
38816.867	    41.2939
38818.109	    48.3092
38819.586	    40.6229
38820.984	    42.9185
38822.328	    44.6429
38823.469	    52.5854
38824.828	    44.1501
38826.305	    40.6229
38827.617	    45.7317
38828.883	    47.3934
38830.195	    45.7317
38831.578	    43.3839
38832.836	    47.6948
38834.062	    48.8998
38835.539	    40.6229
38836.867	    45.1807
38838.102	    48.6224
38839.484	    43.3839
38840.828	    44.6429
38842.133	    45.9770
38843.422	    46.5477
38844.812	    43.1344
38846.172	    44.1501
38847.336	    51.5464
38848.688	    44.3787
38850.047	    44.1501
38851.281	    48.6224
38852.375	    54.8446
38853.594	    49.2207
38855.023	    41.9580
38856.211	    50.5051
38857.328	    53.7153
38858.516	    50.5051
38859.945	    41.9580
38861.055	    54.1028
38862.422	    43.8917
38863.664	    48.3092
38864.852	    50.5051
38866.109	    47.6948
38867.586	    40.6229
38868.930	    44.6429
38870.203	    47.1328
38871.664	    41.0678
38873.094	    41.9580
38874.312	    49.2207
38875.711	    42.9185
38877.156	    41.5225
38878.469	    45.7317
38879.852	    43.3839
38881.289	    41.7246
38882.648	    44.1501
38883.820	    51.1945
38885.234	    42.4328
38886.539	    45.9770
38887.789	    48.0000
38888.844	    56.8720
38890.125	    46.8384
38891.539	    42.4328
38892.797	    47.6948
38893.992	    50.2092
38895.203	    49.5458
38896.648	    41.5225
38897.875	    48.8998
38899.125	    48.0000
38900.625	    40.0000
38901.938	    45.7317
38903.164	    48.8998
38904.547	    43.3839
38905.984	    41.7246
38907.180	    50.2092
38908.531	    44.3787
38909.867	    44.9102
38911.086	    49.2207
38912.406	    45.4545
38913.859	    41.2939
38915.148	    46.5477
38916.195	    57.3066
38917.398	    49.8753
38918.758	    44.1501
38919.867	    54.1028
38921.211	    44.6429
38922.742	    39.1901
38924.156	    42.4328
38925.500	    44.6429
38926.953	    41.2939
38928.273	    45.4545
38929.391	    53.7153
38930.859	    40.8441
38932.312	    41.2939
38933.562	    48.0000
38935.070	    39.7878
38936.492	    42.1941
38937.719	    48.8998
38939.133	    42.4328
38940.602	    40.8441
38941.992	    43.1344
38943.188	    50.2092
38944.711	    39.3959
38946.109	    42.9185
38947.328	    49.2207
38948.727	    42.9185
38950.109	    43.3839
38951.375	    47.3934
38952.781	    42.6743
38954.039	    47.6948
38955.445	    42.6743
38956.672	    48.8998
38958.242	    38.2166
38959.688	    41.5225
38961.039	    44.3787
38962.547	    39.7878
38964.023	    40.6229
38965.297	    47.1328
38966.641	    44.6429
38968.031	    43.1344
38969.305	    47.1328
38970.430	    53.3333
38971.836	    42.6743
38973.273	    41.7246
38974.570	    46.2606
38975.953	    43.3839
38977.242	    46.5477
38978.633	    43.1344
38979.812	    50.8475
38981.062	    48.0000
38982.531	    40.8441
38983.875	    44.6429
38985.266	    43.1344
38986.742	    40.6229
38988.078	    44.9102
38989.195	    53.7153
38990.594	    42.9185
38991.906	    45.7317
38993.164	    47.6948
38994.336	    51.1945
38995.672	    44.9102
38997.117	    41.5225
38998.352	    48.6224
38999.703	    44.3787
39001.055	    44.3787
39002.250	    50.2092
39003.453	    49.8753
39004.945	    40.2145
39006.312	    43.8917
39007.492	    50.8475
39008.867	    43.6364
39010.297	    41.9580
39011.539	    48.3092
39012.922	    43.3839
39014.289	    43.8917
39015.469	    50.8475
39016.766	    46.2606
39018.227	    41.0678
39019.570	    44.6429
39020.930	    44.1501
39022.336	    42.6743
39023.586	    48.0000
39024.664	    55.6586
39025.820	    51.9031
39027.266	    41.5225
39028.672	    42.6743
39030.000	    45.1807
39031.445	    41.5225
39032.781	    44.9102
39034.078	    46.2606
39035.445	    43.8917
39036.836	    43.1344
39037.992	    51.9031
39039.273	    46.8384
39040.672	    42.9185
39041.922	    48.0000
39043.094	    51.1945
39044.430	    44.9102
39045.805	    43.6364
39046.930	    53.3333
39048.297	    43.8917
39049.508	    49.5458
39050.648	    52.5854
39051.688	    57.7478
39053.117	    41.9580
39054.609	    40.2145
39055.969	    44.1501
39057.375	    42.6743
39058.781	    42.6743
39060.023	    48.3092
39061.445	    42.1941
39062.914	    40.8441
39064.250	    44.9102
39065.406	    51.9031
39066.859	    41.2939
39068.258	    42.9185
39069.500	    48.3092
39070.797	    46.2606
39072.281	    40.4313
39073.531	    48.0000
39074.680	    52.2648
39076.039	    44.1501
39077.438	    42.9185
39078.617	    50.8475
39080.078	    41.0678
39081.445	    43.8917
39082.781	    44.9102
39083.945	    51.5464
39085.336	    43.1344
39086.781	    41.5225
39087.969	    50.5051
39089.336	    43.8917
39090.773	    41.7246
39091.969	    50.2092
39093.172	    49.8753
39094.438	    47.3934
39095.844	    42.6743
39097.102	    47.6948
39098.648	    38.7847
39100.031	    43.3839
39101.297	    47.3934
39102.758	    41.0678
39104.125	    43.8917
39105.273	    52.2648
39106.602	    45.1807
39108.031	    41.9580
39109.164	    52.9568
39110.516	    44.3787
39111.891	    43.6364
39113.062	    51.1945
39114.297	    48.6224
39115.734	    41.7246
39117.031	    46.2606
39118.258	    48.8998
39119.594	    44.9102
39120.977	    43.3839
39122.188	    49.5458
39123.586	    42.9185
39124.969	    43.3839
39126.203	    48.6224
39127.438	    48.6224
39128.805	    43.8917
39130.094	    46.5477
39131.219	    53.3333
39132.562	    44.6429
39133.961	    42.9185
39135.281	    45.4545
39136.602	    45.4545
39138.070	    40.8441
39139.422	    44.3787
39140.695	    47.1328
39142.094	    42.9185
39143.492	    42.9185
39144.719	    48.8998
39146.031	    45.7317
39147.516	    40.4313
39148.805	    46.5477
39150.062	    47.6948
39151.469	    42.6743
39152.711	    48.3092
39153.781	    56.0748
39155.125	    44.6429
39156.586	    41.0678
39157.844	    47.6948
39159.164	    45.4545
39160.555	    43.1344
39161.844	    46.5477
39163.016	    51.1945
39164.383	    43.8917
39165.828	    41.5225
39167.016	    50.5051
39168.336	    45.4545
39169.773	    41.7246
39171.094	    45.4545
39172.312	    49.2207
39173.781	    40.8441
39175.164	    43.3839
39176.398	    48.6224
39177.750	    44.3787
39178.992	    48.3092
39180.125	    52.9568
39181.344	    49.2207
39182.789	    41.5225
39183.992	    49.8753
39185.133	    52.5854
39186.344	    49.5458
39187.828	    40.4313
39189.109	    46.8384
39190.555	    41.5225
39191.742	    50.5051
39192.812	    56.0748
39193.805	    60.4839
39195.344	    38.9864
39196.930	    37.8310
39198.391	    41.0678
39199.859	    40.8441
39201.180	    45.4545
39202.414	    48.6224
39203.953	    38.9864
39205.320	    43.8917
39206.812	    40.2145
39208.266	    41.2939
39209.453	    50.5051
39210.906	    41.2939
39212.258	    44.3787
39213.492	    48.6224
39214.891	    42.9185
39216.344	    41.2939
39217.625	    46.8384
39218.992	    43.8917
39220.320	    45.1807
39221.750	    41.9580
39222.906	    51.9031
39223.945	    57.7478
39225.008	    56.4972
39226.156	    52.2648
39227.094	    63.9659
39228.648	    38.5852
39230.023	    43.6364
39231.289	    47.3934
39232.406	    53.7153
39233.328	    65.0759
39234.781	    41.2939
39235.922	    52.5854
39236.875	    62.9591
39237.844	    61.9195
39238.789	    63.4921
39239.617	    72.4638
39240.656	    57.7478
39241.547	    67.3401
39242.406	    69.8487
39243.203	    75.2823
39244.023	    73.1707
39244.898	    68.5714
39245.703	    74.5342
39246.539	    71.7703
39247.328	    76.0456
39248.109	    76.8246
39248.898	    76.0456
39249.680	    76.8246
39250.492	    73.8916
39251.242	    80.0000
39252.031	    76.0456
39252.781	    80.0000
39253.523	    80.8625
39254.266	    80.8625
39254.992	    82.5310
39255.703	    84.3882
39256.422	    83.4492
39257.109	    87.2093
39257.805	    86.3309
39258.492	    87.2093
39259.156	    90.3615
39259.836	    88.2353
39260.508	    89.2857
39261.172	    90.3615
39261.859	    87.2093
39262.547	    87.2093
39263.219	    89.2857
39263.922	    85.3485
39264.617	    86.3309
39265.312	    86.3309
39266.000	    87.2093
39266.750	    80.0000
39267.523	    77.6197
39268.367	    71.0900
39269.352	    60.9756
39270.664	    45.7317
39272.023	    44.1501
39273.234	    49.5458
39274.633	    42.9185
39275.992	    44.1501
39277.047	    56.8720
39278.523	    40.6229
39279.969	    41.5225
39281.414	    41.5225
39282.914	    40.0000
39284.242	    45.1807
39285.680	    41.7246
39287.164	    40.4313
39288.477	    45.7317
39289.977	    40.0000
39291.344	    43.8917
39292.555	    49.5458
39294.062	    39.7878
39295.453	    43.1344
39296.750	    46.2606
39298.250	    40.0000
39299.617	    43.8917
39301.023	    42.6743
39302.461	    41.7246
39303.750	    46.5477
39304.812	    56.4972
39306.312	    40.0000
39307.688	    43.6364
39308.742	    56.8720
39309.961	    49.2207
39311.469	    39.7878
39312.789	    45.4545
39314.039	    48.0000
39315.039	    60.0000
39315.977	    63.9659
39317.539	    38.4123
39318.945	    42.6743
39320.414	    40.8441
39321.852	    41.7246
39323.266	    42.4328
39324.711	    41.5225
39326.055	    44.6429
39327.375	    45.4545
39328.820	    41.5225
39330.086	    47.3934
39331.156	    56.0748
39332.664	    39.7878
39334.055	    43.1344
39335.258	    49.8753
39336.727	    40.8441
39338.078	    44.3787
39339.320	    48.3092
39340.742	    42.1941
39342.156	    42.4328
39343.352	    50.2092
39344.469	    53.7153
39345.828	    44.1501
39347.008	    50.8475
39348.461	    41.2939
39349.727	    47.3934
39350.773	    57.3066
39352.102	    45.1807
39353.367	    47.3934
39354.695	    45.1807
39355.828	    52.9568
39357.234	    42.6743
39358.086	    70.4225
39359.297	    49.5458
39360.617	    45.4545
39362.039	    42.1941
39363.219	    50.8475
39364.289	    56.0748
39365.695	    42.6743
39367.062	    43.8917
39368.172	    54.1028
39369.547	    43.6364
39370.914	    43.8917
39372.055	    52.5854
39373.172	    53.7153
39374.383	    49.5458
39375.586	    49.8753
39376.758	    51.1945
39378.109	    44.3787
39379.461	    44.3787
39380.500	    57.7478
39381.859	    44.1501
39383.117	    47.6948
39384.211	    54.8446
39385.289	    55.6586
39386.602	    45.7317
39387.945	    44.6429
39389.117	    51.1945
39390.297	    50.8475
39391.594	    46.2606
39392.648	    56.8720
39394.000	    44.3787
39395.383	    43.3839
39396.539	    51.9031
39397.977	    41.7246
39399.320	    44.6429
39400.445	    53.3333
39401.578	    52.9568
39402.930	    44.3787
39404.258	    45.1807
39405.336	    55.6586
39406.375	    57.7478
39407.742	    43.8917
39408.977	    48.6224
39410.117	    52.5854
39411.609	    40.2145
39413.023	    42.4328
39414.133	    54.1028
39415.414	    46.8384
39416.633	    49.2207
39417.961	    45.1807
39419.094	    52.9568
39420.594	    40.0000
39421.930	    44.9102
39423.133	    49.8753
39424.523	    43.1344
39425.891	    43.8917
39427.031	    52.5854
39428.070	    57.7478
39429.445	    43.6364
39430.812	    43.8917
39431.945	    52.9568
39432.984	    57.7478
39434.422	    41.7246
39435.547	    53.3333
39436.555	    59.5238
39438.078	    39.3959
39439.398	    45.4545
39440.531	    52.9568
39441.820	    46.5477
39443.211	    43.1344
39444.453	    48.3092
39445.492	    57.7478
39446.797	    45.9770
39448.102	    45.9770
39449.109	    59.5238
39450.391	    46.8384
39451.758	    43.8917
39452.969	    49.5458
39454.109	    52.5854
39455.195	    55.2486
39456.562	    43.8917
39457.773	    49.5458
39458.875	    54.4465
39460.180	    45.9770
39461.250	    56.0748
39462.227	    61.4125
39463.438	    49.5458
39464.766	    45.1807
39466.109	    44.6429
39467.305	    50.2092
39468.719	    42.4328
39469.906	    50.5051
39470.961	    56.8720
39472.266	    45.9770
39473.594	    45.1807
39474.758	    51.5464
39476.133	    43.6364
39477.445	    45.7317
39478.523	    55.6586
39479.883	    44.1501
39481.219	    44.9102
39482.516	    46.2606
39483.609	    54.8446
39484.977	    43.8917
39486.383	    42.6743
39487.727	    44.6429
39489.164	    41.7246
39490.500	    44.9102
39491.672	    51.1945
39493.078	    42.6743
39494.414	    44.9102
39495.703	    46.5477
39497.211	    39.7878
39498.562	    44.3787
39499.727	    51.5464
39501.047	    45.4545
39502.414	    43.8917
39503.555	    52.5854
39504.742	    50.5051
39506.203	    41.0678
39507.461	    47.6948
39508.742	    46.8384
39510.133	    43.1344
39511.461	    45.1807
39512.547	    55.2486
39513.773	    48.8998
39515.164	    43.1344
39516.406	    48.3092
39517.484	    55.6586
39518.609	    53.3333
39519.930	    45.4545
39521.289	    44.1501
39522.367	    55.6586
39523.672	    45.9770
39525.016	    44.6429
39526.344	    45.1807
39527.656	    45.7317
39529.109	    41.2939
39530.484	    43.6364
39531.562	    55.6586
39532.914	    44.3787
39533.867	    62.9591
39534.914	    57.3066
39536.039	    53.3333
39537.461	    42.1941
39538.797	    44.9102
39540.016	    49.2207
39541.266	    48.0000
39542.578	    45.7317
39544.000	    42.1941
39545.164	    51.5464
39546.648	    40.4313
39547.836	    50.5051
39549.375	    38.9864
39550.820	    41.5225
39552.188	    43.8917
39553.508	    45.4545
39554.492	    60.9756
39555.703	    49.5458
39557.336	    36.7422
39558.750	    42.4328
39560.273	    39.3959
39561.422	    52.2648
39562.797	    43.6364
39563.898	    54.4465
39564.914	    59.0551
39566.320	    42.6743
39567.406	    55.2486
39568.883	    40.6229
39569.945	    56.4972
39570.969	    58.6510
39572.383	    42.4328
39573.375	    60.4839
39574.359	    60.9756
39575.836	    40.6229
39576.859	    58.6510
39577.781	    65.0759
39578.758	    61.4125
39579.820	    56.4972
39580.789	    61.9195
39581.789	    60.0000
39582.883	    54.8446
39584.133	    48.0000
39585.117	    60.9756
39586.086	    61.9195
39587.117	    58.1959
39588.227	    54.1028
39589.172	    63.4921
39590.133	    62.4350
39591.133	    60.0000
39592.250	    53.7153
39593.352	    54.4465
39594.312	    62.4350
39595.312	    60.0000
39596.344	    58.1959
39597.547	    49.8753
39598.664	    53.7153
39599.594	    64.5161
39600.617	    58.6510
39601.961	    44.6429
39603.242	    46.8384
39604.250	    59.5238
39605.281	    58.1959
39606.383	    54.4465
39607.422	    57.7478
39608.414	    60.4839
39609.836	    42.1941
39611.188	    44.3787
39612.336	    52.2648
39613.305	    61.9195
39614.430	    53.3333
39615.430	    60.0000
39616.648	    49.2207
39617.750	    54.4465
39618.906	    51.9031
39620.414	    39.7878
39621.750	    44.9102
39622.812	    56.4972
39623.766	    62.9591
39624.734	    61.9195
39626.172	    41.7246
39627.320	    52.2648
39628.289	    61.9195
39629.727	    41.7246
39630.836	    54.1028
39632.008	    51.1945
39633.039	    58.1959
39634.266	    48.8998
39635.555	    46.5477
39636.820	    47.3934
39637.852	    58.1959
39638.812	    62.4350
39639.875	    56.4972
39640.969	    54.8446
39641.961	    60.4839
39642.922	    62.4350
39643.938	    59.0551
39645.055	    53.7153
39646.188	    52.9568
39647.172	    60.9756
39648.234	    56.4972
39649.344	    54.1028
39650.438	    54.8446
39651.445	    59.5238
39652.617	    51.1945
39653.836	    49.2207
39655.109	    47.1328
39656.125	    59.0551
39657.211	    55.2486
39658.414	    49.8753
39659.570	    51.9031
39660.945	    43.6364
39662.398	    41.2939
39663.727	    45.1807
39665.125	    42.9185
39666.297	    51.1945
39667.695	    42.9185
39668.828	    52.9568
39670.289	    41.0678
39671.539	    48.0000
39672.602	    56.4972
39673.695	    54.8446
39674.977	    46.8384
39676.383	    42.6743
39677.805	    42.1941
39679.055	    48.0000
39680.156	    54.4465
39681.117	    62.4350
39682.070	    62.9591
39682.984	    65.6455
39683.938	    62.9591
39684.992	    56.8720
39685.906	    65.6455
39686.789	    67.9502
39687.672	    67.9502
39688.578	    66.2252
39689.445	    69.2042
39690.305	    69.8487
39691.195	    67.3401
39692.102	    66.2252
39692.977	    68.5714
39693.828	    70.4225
39694.727	    66.8151
39695.672	    63.4921
39696.602	    64.5161
39697.492	    67.3401
39698.375	    67.9502
39699.297	    65.0759
39700.219	    65.0759
39701.156	    63.9659
39702.195	    57.7478
39703.133	    63.9659
39704.102	    61.9195
39705.164	    56.4972
39706.141	    61.4125
39707.047	    66.2252
39707.922	    68.5714
39708.758	    71.7703
39709.594	    71.7703
39710.414	    73.1707
39711.297	    67.9502
39712.500	    49.8753
39713.492	    60.4839
39714.414	    65.0759
39715.305	    67.3401
39716.219	    65.6455
39717.242	    58.6510
39718.305	    56.4972
39719.305	    60.0000
39720.297	    60.4839
39721.273	    61.4125
39722.250	    61.4125
39723.188	    63.9659
39724.125	    63.9659
39725.008	    67.9502
39725.891	    67.9502
39726.758	    69.2042
39727.633	    68.5714
39728.484	    70.4225
39729.336	    70.4225
39730.234	    66.8151
39731.141	    66.2252
39732.062	    65.0759
39732.984	    65.0759
39733.945	    62.4350
39734.938	    60.4839
39735.922	    60.9756
39736.867	    63.4921
39737.836	    61.9195
39738.844	    59.5238
39739.836	    60.4839
39740.773	    63.9659
39741.727	    62.9591
39742.672	    63.4921
39743.617	    63.4921
39744.539	    65.0759
39745.500	    62.4350
39746.508	    59.5238
39747.523	    59.0551
39748.461	    63.9659
39749.422	    62.4350
39750.398	    61.4125
39751.398	    60.0000
39752.391	    60.4839
39753.305	    65.6455
39754.266	    62.4350
39755.289	    58.6510
39756.336	    57.3066
39757.320	    60.9756
39758.258	    63.9659
39759.234	    61.4125
39760.273	    57.7478
39761.328	    56.8720
39762.273	    63.4921
39763.219	    63.4921
39764.156	    63.9659
39765.195	    57.7478
39766.258	    56.4972
39767.227	    61.9195
39768.242	    59.0551
39769.305	    56.4972
39770.438	    52.9568
39771.531	    54.8446
39772.625	    54.8446
39773.836	    49.5458
39774.992	    51.9031
39776.047	    56.8720
39777.094	    57.3066
39778.188	    54.8446
39779.227	    57.7478
39780.195	    61.9195
39781.195	    60.0000
39782.383	    50.5051
39783.484	    54.4465
39784.461	    61.4125
39785.492	    58.1959
39786.617	    53.3333
39787.742	    53.3333
39788.719	    61.4125
39789.656	    63.9659
39790.672	    59.0551
39791.773	    54.4465
39792.898	    53.3333
39793.875	    61.4125
39794.867	    60.4839
39795.984	    53.7153
39797.070	    55.2486
39798.055	    60.9756
39798.977	    65.0759
39799.945	    61.9195
39801.047	    54.4465
39802.156	    54.1028
39803.195	    57.7478
39804.141	    63.4921
39805.102	    62.4350
39806.102	    60.0000
39807.055	    62.9591
39807.992	    63.9659
39808.930	    63.9659
39809.898	    61.9195
39811.055	    51.9031
39812.289	    48.6224
39813.430	    52.5854
39814.438	    59.5238
39815.547	    54.1028
39816.781	    48.6224
39817.977	    50.2092
39819.156	    50.8475
39820.477	    45.4545
39821.852	    43.6364
39822.859	    59.5238
39823.859	    60.0000
39825.320	    41.0678
39826.430	    54.1028
39827.438	    59.5238
39828.938	    40.0000
39830.312	    43.6364
39831.352	    57.7478
39832.305	    62.9591
39833.844	    38.9864
39834.984	    52.5854
39835.898	    65.6455
39836.828	    64.5161
39837.875	    57.3066
39839.367	    40.2145
39840.594	    48.8998
39841.703	    54.1028
39842.859	    51.9031
39844.047	    50.5051
39845.016	    61.9195
39845.961	    63.4921
39846.914	    62.9591
39848.055	    52.5854
39849.156	    54.4465
39850.117	    62.4350
39851.078	    62.4350
39852.031	    62.9591
39853.109	    55.6586
39854.211	    54.4465
39855.141	    64.5161
39856.008	    69.2042
39856.820	    73.8916
39857.570	    80.0000
39858.305	    81.7439
39859.039	    81.7439
39859.781	    80.8625
39860.547	    78.3290
39861.352	    74.5342
39862.141	    76.0456
39862.898	    79.1557
39863.664	    78.3290
39864.438	    77.6197
39865.203	    78.3290
39865.953	    80.0000
39866.695	    80.8625
39867.430	    81.7439
39868.148	    83.4492
39868.875	    82.5310
39869.602	    82.5310
39870.328	    82.5310
39871.031	    85.3485
39871.742	    84.3882
39872.453	    84.3882
39873.156	    85.3485
39873.867	    84.3882
39874.625	    79.1557
39875.461	    71.7703
39876.430	    61.9195
39877.383	    62.9591
39878.312	    64.5161
39879.539	    48.8998
39880.789	    48.0000
39881.898	    54.1028
39883.266	    43.8917
39884.703	    41.7246
39886.055	    44.3787
39887.359	    45.9770
39888.719	    44.1501
39889.867	    52.2648
39891.414	    38.7847
39892.852	    41.7246
39893.961	    54.1028
39895.469	    39.7878
39896.781	    45.7317
39897.883	    54.4465
39899.445	    38.4123
39900.805	    44.1501
39902.234	    41.9580
39903.656	    42.1941
39904.695	    57.7478
39905.781	    55.2486
39907.281	    40.0000
39908.656	    43.6364
39909.609	    62.9591
39911.023	    42.4328
39912.250	    48.8998
39913.586	    44.9102
39914.594	    59.5238
39915.766	    51.1945
39917.227	    41.0678
39918.500	    47.1328
39919.945	    41.5225
39921.430	    40.4313
39922.578	    52.2648
39923.664	    55.2486
39924.859	    50.2092
39926.281	    42.1941
39927.523	    48.3092
39928.969	    41.5225
39930.250	    46.8384
39931.445	    50.2092
39932.695	    48.0000
39934.031	    44.9102
39935.031	    60.0000
39935.992	    62.4350
39937.328	    44.9102
39938.703	    43.6364
39939.734	    58.1959
39940.719	    60.9756
39942.133	    42.4328
39943.422	    46.5477
39944.461	    57.7478
39945.664	    49.8753
39947.109	    41.5225
39948.445	    44.9102
39949.672	    48.8998
39950.977	    45.9770
39952.039	    56.4972
39953.023	    60.9756
39954.109	    55.2486
39955.234	    53.3333
39956.227	    60.4839
39957.203	    61.4125
39958.586	    43.3839
39959.859	    47.1328
39960.828	    61.9195
39961.766	    63.9659
39962.836	    56.0748
39964.203	    43.8917
39965.414	    49.5458
39966.445	    58.1959
39967.820	    43.6364
39969.070	    48.0000
39970.055	    60.9756
39971.055	    60.0000
39972.445	    43.1344
39973.555	    54.1028
39974.531	    61.4125
39976.016	    40.4313
39977.297	    46.8384
39978.492	    50.2092
39979.812	    45.4545
39981.055	    48.3092
39982.047	    60.4839
39983.109	    56.4972
39984.242	    52.9568
39985.281	    57.7478
39986.195	    65.6455
39987.078	    67.9502
39988.523	    41.5225
39989.875	    44.3787
39990.945	    56.0748
39992.367	    42.1941
39993.594	    48.8998
39994.656	    56.4972
39995.758	    54.4465
39997.203	    41.5225
39998.531	    45.1807
39999.570	    57.7478
40000.758	    50.5051
40002.102	    44.6429
40003.445	    44.6429
40004.492	    57.3066
40005.688	    50.2092
40006.945	    47.6948
40007.891	    63.4921
40008.727	    71.7703
40009.516	    76.0456
40010.289	    77.6197
40011.680	    43.1344
40013.141	    41.0678
40014.789	    36.4078
40016.234	    41.5225
40017.680	    41.5225
40019.141	    41.0678
40020.477	    44.9102
40021.805	    45.1807
40023.258	    41.2939
40024.633	    43.6364
40025.969	    44.9102
40027.391	    42.1941
40028.773	    43.3839
40030.094	    45.4545
40031.516	    42.1941
40032.859	    44.6429
40034.172	    45.7317
40035.500	    45.1807
40036.898	    42.9185
40038.148	    48.0000
40039.539	    43.1344
40040.898	    44.1501
40042.031	    52.9568
40043.531	    40.0000
40044.891	    44.1501
40046.211	    45.4545
40047.523	    45.7317
40048.773	    48.0000
40050.250	    40.6229
40051.617	    43.8917
40052.914	    46.2606
40054.367	    41.2939
40055.648	    46.8384
40057.102	    41.2939
40058.438	    44.9102
40059.539	    54.4465
40060.883	    44.6429
40062.281	    42.9185
40063.547	    47.3934
40065.047	    40.0000
40066.188	    52.5854
40067.391	    49.8753
40068.828	    41.7246
40070.016	    50.5051
40071.352	    44.9102
40072.641	    46.5477
40073.688	    57.3066
40074.852	    51.5464
40076.102	    48.0000
40077.164	    56.4972
40078.203	    57.7478
40079.289	    55.2486
40080.367	    55.6586
40081.328	    62.4350
40082.477	    52.2648
40083.805	    45.1807
40084.867	    56.4972
40085.875	    59.5238
40087.039	    51.5464
40088.211	    51.1945
40089.344	    52.9568
40090.297	    62.9591
40091.320	    58.6510
40092.578	    47.6948
40093.867	    46.5477
40094.938	    56.0748
40096.047	    54.1028
40097.367	    45.4545
40098.688	    45.4545
40099.719	    58.1959
40100.953	    48.6224
40102.258	    45.9770
40103.469	    49.5458
40104.555	    55.2486
40105.828	    47.1328
40107.188	    44.1501
40108.289	    54.4465
40109.711	    42.1941
40111.078	    43.8917
40112.156	    55.6586
40113.289	    52.9568
40114.453	    51.5464
40115.531	    55.6586
40116.688	    51.9031
40118.039	    44.3787
40119.273	    48.6224
40120.688	    42.4328
40121.805	    53.7153
40123.008	    49.8753
40124.211	    49.8753
40125.258	    57.3066
40126.422	    51.5464
40127.797	    43.6364
40128.938	    52.5854
40130.164	    48.8998
40131.500	    44.9102
40132.562	    56.4972
40133.688	    53.3333
40134.922	    48.6224
40135.969	    57.3066
40137.188	    49.2207
40138.641	    41.2939
40139.648	    59.5238
40140.641	    60.4839
40142.078	    41.7246
40143.242	    51.5464
40144.141	    66.8151
40145.094	    62.9591
40146.219	    53.3333
40147.398	    50.8475
40148.445	    57.3066
40149.500	    56.8720
40150.625	    53.3333
40151.719	    54.8446
40152.680	    62.4350
40153.586	    66.2252
40154.461	    68.5714
40155.539	    55.6586
40156.477	    63.9659
40157.516	    57.7478
40158.773	    47.6948
40160.047	    47.1328
40160.984	    63.9659
40161.867	    67.9502
40162.766	    66.8151
40164.141	    43.6364
40165.109	    61.9195
40165.938	    72.4638
40166.797	    69.8487
40167.719	    65.0759
40169.297	    38.0228
40170.797	    40.0000
40172.219	    42.1941
40173.664	    41.5225
40174.961	    46.2606
40176.133	    51.1945
40177.562	    41.9580
40178.953	    43.1344
40180.344	    43.1344
40181.477	    52.9568
40183.016	    38.9864
40184.523	    39.7878
40185.922	    42.9185
40187.336	    42.4328
40188.797	    41.0678
40190.148	    44.3787
40191.633	    40.4313
40193.117	    40.4313
40194.500	    43.3839
40195.977	    40.6229
40197.406	    41.9580
40198.664	    47.6948
40200.062	    42.9185
40201.461	    42.9185
40202.883	    42.1941
40204.086	    49.8753
40205.016	    64.5161
40205.852	    71.7703
40207.383	    39.1901
40208.383	    60.0000
40209.555	    51.1945
40211.094	    38.9864
40212.531	    41.7246
40214.016	    40.4313
40215.281	    47.3934
40216.641	    44.1501
40218.070	    41.9580
40219.203	    52.9568
40220.539	    44.9102
40222.023	    40.4313
40223.375	    44.3787
40224.609	    48.6224
40225.891	    46.8384
40227.273	    43.3839
