42301.297	    55.6586
42302.367	    56.0748
42303.430	    56.4972
42304.469	    57.7478
42305.516	    57.3066
42306.570	    56.8720
42307.633	    56.4972
42308.727	    54.8446
42309.820	    54.8446
42310.906	    55.2486
42312.008	    54.4465
42313.086	    55.6586
42314.172	    55.2486
42315.281	    54.1028
42316.367	    55.2486
42317.469	    54.4465
42318.562	    54.8446
42319.664	    54.4465
42320.781	    53.7153
42321.883	    54.4465
42322.992	    54.1028
42324.102	    54.1028
42325.203	    54.4465
42326.289	    55.2486
42327.398	    54.1028
42328.477	    55.6586
42329.578	    54.4465
42330.648	    56.0748
42331.719	    56.0748
42332.805	    55.2486
42333.906	    54.4465
42334.984	    55.6586
42336.102	    53.7153
42337.195	    54.8446
42338.305	    54.1028
42339.414	    54.1028
42340.516	    54.4465
42341.641	    53.3333
42342.727	    55.2486
42343.852	    53.3333
42344.953	    54.4465
42346.062	    54.1028
42347.164	    54.4465
42348.242	    55.6586
42349.352	    54.1028
42350.453	    54.4465
42351.539	    55.2486
42352.648	    54.1028
42353.734	    55.2486
42354.844	    54.1028
42355.945	    54.4465
42357.062	    53.7153
42358.180	    53.7153
42359.281	    54.4465
42360.383	    54.4465
42361.477	    54.8446
42362.570	    54.8446
42363.656	    55.2486
42364.750	    54.8446
42365.828	    55.6586
42366.938	    54.1028
42368.023	    55.2486
42369.141	    53.7153
42370.250	    54.1028
42371.336	    55.2486
42372.430	    54.8446
42373.523	    54.8446
42374.633	    54.1028
42375.758	    53.3333
42376.867	    54.1028
42377.992	    53.3333
42379.109	    53.7153
42380.242	    52.9568
42381.352	    54.1028
42382.477	    53.3333
42383.617	    52.5854
42384.719	    54.4465
42385.852	    52.9568
42386.945	    54.8446
42388.070	    53.3333
42389.188	    53.7153
42390.289	    54.4465
42391.414	    53.3333
42392.508	    54.8446
42393.656	    52.2648
42394.766	    54.1028
42395.891	    53.3333
42397.008	    53.7153
42398.102	    54.8446
42399.211	    54.1028
42400.281	    56.0748
42401.406	    53.3333
42402.508	    54.4465
42403.602	    54.8446
42404.711	    54.1028
42405.805	    54.8446
42406.914	    54.1028
42408.031	    53.7153
42409.133	    54.4465
42410.242	    54.1028
42411.336	    54.8446
42412.453	    53.7153
42413.539	    55.2486
42414.641	    54.4465
42415.711	    56.0748
42416.766	    56.8720
42417.859	    54.8446
42418.938	    55.6586
42420.000	    56.4972
42421.078	    55.6586
42422.133	    56.8720
42423.219	    55.2486
42424.297	    55.6586
42425.383	    55.2486
42426.477	    54.8446
42427.570	    54.8446
42428.672	    54.4465
42429.773	    54.4465
42430.859	    55.2486
42431.969	    54.1028
42433.070	    54.4465
42434.156	    55.2486
42435.234	    55.6586
42436.328	    54.8446
42437.406	    55.6586
42438.484	    55.6586
42439.562	    55.6586
42440.664	    54.4465
42441.742	    55.6586
42442.844	    54.4465
42443.922	    55.6586
42444.984	    56.4972
42446.070	    55.2486
42447.164	    54.8446
42448.273	    54.1028
42449.367	    54.8446
42450.477	    54.1028
42451.586	    54.1028
42452.695	    54.1028
42453.805	    54.1028
42454.898	    54.8446
42456.008	    54.1028
42457.109	    54.4465
42458.188	    55.6586
42459.266	    55.6586
42460.359	    54.8446
42461.445	    55.2486
42462.492	    57.3066
42463.531	    57.7478
42464.570	    57.7478
42465.648	    55.6586
42466.711	    56.4972
42467.797	    55.2486
42468.859	    56.4972
42469.953	    54.8446
42471.047	    54.8446
42472.117	    56.0748
42473.211	    54.8446
42474.289	    55.6586
42475.383	    54.8446
42476.477	    54.8446
42477.578	    54.4465
42478.656	    55.6586
42479.711	    56.8720
42480.773	    56.4972
42481.805	    58.1959
42482.883	    55.6586
42483.945	    56.4972
42485.016	    56.0748
42486.102	    55.2486
42487.180	    55.6586
42488.266	    55.2486
42489.375	    54.1028
42490.461	    55.2486
42491.570	    54.1028
42492.664	    54.8446
42493.766	    54.4465
42494.875	    54.1028
42495.953	    55.6586
42497.055	    54.4465
42498.133	    55.6586
42499.219	    55.2486
42500.312	    54.8446
42501.406	    54.8446
42502.508	    54.4465
42503.578	    56.0748
42504.664	    55.2486
42505.742	    55.6586
42506.820	    55.6586
42507.906	    55.2486
42508.969	    56.4972
42510.070	    54.4465
42511.125	    56.8720
42512.211	    55.2486
42513.289	    55.6586
42514.367	    55.6586
42515.422	    56.8720
42516.500	    55.6586
42517.570	    56.0748
42518.648	    55.6586
42519.719	    56.0748
42520.773	    56.8720
42521.836	    56.4972
42522.906	    56.0748
42523.984	    55.6586
42525.055	    56.0748
42526.148	    54.8446
42527.250	    54.4465
42528.328	    55.6586
42529.438	    54.1028
42530.531	    54.8446
42531.648	    53.7153
42532.758	    54.1028
42533.852	    54.8446
42534.961	    54.1028
42536.070	    54.1028
42537.195	    53.3333
42538.320	    53.3333
42539.422	    54.4465
42540.555	    52.9568
42541.672	    53.7153
42542.781	    54.1028
42543.898	    53.7153
42544.992	    54.8446
42546.125	    52.9568
42547.219	    54.8446
42548.344	    53.3333
42549.469	    53.3333
42550.586	    53.7153
42551.719	    52.9568
42552.828	    54.1028
42553.969	    52.5854
42555.086	    53.7153
42556.203	    53.7153
42557.336	    52.9568
42558.445	    54.1028
42559.570	    53.3333
42560.680	    54.1028
42561.797	    53.7153
42562.898	    54.4465
42564.008	    54.1028
42565.133	    53.3333
42566.234	    54.4465
42567.367	    52.9568
42568.484	    53.7153
42569.625	    52.5854
42570.734	    54.1028
42571.867	    52.9568
42572.992	    53.3333
42574.117	    53.3333
42575.258	    52.5854
42576.375	    53.7153
42577.508	    52.9568
42578.633	    53.3333
42579.766	    52.9568
42580.883	    53.7153
42582.016	    52.9568
42583.133	    53.7153
42584.227	    54.8446
42585.359	    52.9568
42586.438	    55.6586
42587.570	    52.9568
42588.695	    53.3333
42589.805	    54.1028
42590.906	    54.4465
42592.000	    54.8446
42593.109	    54.1028
42594.203	    54.8446
42595.328	    53.3333
42596.445	    53.7153
42597.555	    54.1028
42598.672	    53.7153
42599.773	    54.4465
42600.883	    54.1028
42601.992	    54.1028
42603.094	    54.4465
42604.188	    54.8446
42605.289	    54.4465
42606.367	    55.6586
42607.477	    54.1028
42608.578	    54.4465
42609.672	    54.8446
42610.766	    54.8446
42611.867	    54.4465
42612.945	    55.6586
42614.008	    56.4972
42615.094	    55.2486
42616.188	    54.8446
42617.281	    54.8446
42618.391	    54.1028
42619.484	    54.8446
42620.594	    54.1028
42621.688	    54.8446
42622.812	    53.3333
42623.930	    53.7153
42625.031	    54.4465
42626.164	    52.9568
42627.258	    54.8446
42628.367	    54.1028
42629.469	    54.4465
42630.578	    54.1028
42631.680	    54.4465
42632.773	    54.8446
42633.898	    53.3333
42635.008	    54.1028
42636.125	    53.7153
42637.250	    53.3333
42638.352	    54.4465
42639.477	    53.3333
42640.586	    54.1028
42641.703	    53.7153
42642.828	    53.3333
42643.953	    53.3333
42645.070	    53.7153
42646.203	    52.9568
42647.328	    53.3333
42648.453	    53.3333
42649.586	    52.9568
42650.695	    54.1028
42651.828	    52.9568
42652.945	    53.7153
42654.078	    52.9568
42655.188	    54.1028
42656.312	    53.3333
42657.453	    52.5854
42658.570	    53.7153
42659.711	    52.5854
42660.820	    54.1028
42661.953	    52.9568
42663.047	    54.8446
42664.164	    53.7153
42665.281	    53.7153
42666.359	    55.6586
42667.453	    54.8446
42668.531	    55.6586
42669.633	    54.4465
42670.750	    53.7153
42671.836	    55.2486
42672.961	    53.3333
42674.070	    54.1028
42675.172	    54.4465
42676.297	    53.3333
42677.398	    54.4465
42678.523	    53.3333
42679.633	    54.1028
42680.758	    53.3333
42681.867	    54.1028
42682.984	    53.7153
42684.086	    54.4465
42685.211	    53.3333
42686.328	    53.7153
42687.445	    53.7153
42688.570	    53.3333
42689.664	    54.8446
42690.789	    53.3333
42691.891	    54.4465
42693.016	    53.3333
42694.133	    53.7153
42695.219	    55.2486
42696.344	    53.3333
42697.445	    54.4465
42698.555	    54.1028
42699.641	    55.2486
42700.742	    54.4465
42701.836	    54.8446
42702.953	    53.7153
42704.047	    54.8446
42705.172	    53.3333
42706.266	    54.8446
42707.383	    53.7153
42708.484	    54.4465
42709.609	    53.3333
42710.719	    54.1028
42711.828	    54.1028
42712.953	    53.3333
42714.047	    54.8446
42715.172	    53.3333
42716.281	    54.1028
42717.383	    54.4465
42718.492	    54.1028
42719.578	    55.2486
42720.688	    54.1028
42721.781	    54.8446
42722.883	    54.4465
42723.984	    54.4465
42725.078	    54.8446
42726.195	    53.7153
42727.297	    54.4465
42728.391	    54.8446
42729.461	    56.0748
42730.523	    56.4972
42731.586	    56.4972
42732.633	    57.3066
42733.688	    56.8720
42734.734	    57.3066
42735.812	    55.6586
42736.852	    57.7478
42737.930	    55.6586
42738.586	    91.4634
42739.781	    50.2092
42740.758	    61.4125
42741.586	    72.4638
42742.484	    66.8151
42743.336	    70.4225
42744.234	    66.8151
42745.109	    68.5714
42745.961	    70.4225
42746.844	    67.9502
42747.742	    66.8151
42748.641	    66.8151
42749.523	    67.9502
42750.398	    68.5714
42751.273	    68.5714
42752.117	    71.0900
42752.953	    71.7703
42753.789	    71.7703
42754.617	    72.4638
42755.453	    71.7703
42756.305	    70.4225
42757.172	    69.2042
42758.047	    68.5714
42758.945	    66.8151
42759.867	    65.0759
42760.812	    63.4921
42761.812	    60.0000
42762.844	    58.1959
42763.883	    57.7478
42764.945	    56.4972
42765.992	    57.3066
42767.094	    54.4465
42768.172	    55.6586
42769.297	    53.3333
42770.406	    54.1028
42771.508	    54.4465
42772.625	    53.7153
42773.695	    56.0748
42774.820	    53.3333
42775.930	    54.1028
42777.062	    52.9568
42778.211	    52.2648
42779.312	    54.4465
42780.445	    52.9568
42781.594	    52.2648
42782.719	    53.3333
42783.867	    52.2648
42784.977	    54.1028
42786.125	    52.2648
42787.273	    52.2648
42788.445	    51.1945
42789.625	    50.8475
42790.742	    53.7153
42791.914	    51.1945
42793.078	    51.5464
42794.219	    52.5854
42795.383	    51.5464
42796.523	    52.5854
42797.656	    52.9568
42798.789	    52.9568
42799.953	    51.5464
42801.133	    50.8475
42802.289	    51.9031
42803.461	    51.1945
42804.617	    51.9031
42805.750	    52.9568
42806.914	    51.5464
42808.070	    51.9031
42809.227	    51.9031
42810.391	    51.5464
42811.523	    52.9568
42812.680	    51.9031
42813.828	    52.2648
42814.969	    52.5854
42816.125	    51.9031
42817.266	    52.5854
42818.414	    52.2648
42819.555	    52.5854
42820.695	    52.5854
42821.836	    52.5854
42822.984	    52.2648
42824.125	    52.5854
42825.266	    52.5854
42826.414	    52.2648
42827.547	    52.9568
42828.680	    52.9568
42829.836	    51.9031
42830.953	    53.7153
42832.094	    52.5854
42833.211	    53.7153
42834.336	    53.3333
42835.453	    53.7153
42836.547	    54.8446
42837.672	    53.3333
42838.758	    55.2486
42839.859	    54.4465
42840.953	    54.8446
42842.078	    53.3333
42843.203	    53.3333
42844.305	    54.4465
42845.422	    53.7153
42846.539	    53.7153
42847.633	    54.8446
42848.750	    53.7153
42849.836	    55.2486
42850.922	    55.2486
42852.016	    54.8446
42853.125	    54.1028
42854.203	    55.6586
42855.297	    54.8446
42856.367	    56.0748
42857.453	    55.2486
42858.523	    56.0748
42859.609	    55.2486
42860.656	    57.3066
42861.734	    55.6586
42862.812	    55.6586
42863.875	    56.4972
42864.969	    54.8446
42866.047	    55.6586
42867.133	    55.2486
42868.242	    54.1028
42869.336	    54.8446
42870.445	    54.1028
42871.547	    54.4465
42872.664	    53.7153
42873.773	    54.1028
42874.875	    54.4465
42875.984	    54.1028
42877.086	    54.4465
42878.180	    54.8446
42879.281	    54.4465
42880.367	    55.2486
42881.469	    54.4465
42882.570	    54.4465
42883.680	    54.1028
42884.781	    54.4465
42885.859	    55.6586
42886.961	    54.4465
42888.055	    54.8446
42889.133	    55.6586
42890.195	    56.4972
42891.266	    56.0748
42892.352	    55.2486
42893.422	    56.0748
42894.508	    55.2486
42895.602	    54.8446
42896.672	    56.0748
42897.781	    54.1028
42898.859	    55.6586
42899.969	    54.1028
42901.062	    54.8446
42902.164	    54.4465
42903.266	    54.4465
42904.367	    54.4465
42905.477	    54.1028
42906.555	    55.6586
42907.656	    54.4465
42908.742	    55.2486
42909.828	    55.2486
42910.930	    54.4465
42912.000	    56.0748
42913.094	    54.8446
42914.188	    54.8446
42915.281	    54.8446
42916.391	    54.1028
42917.492	    54.4465
42918.602	    54.1028
42919.703	    54.4465
42920.805	    54.4465
42921.922	    53.7153
42923.016	    54.8446
42924.117	    54.4465
42925.211	    54.8446
42926.289	    55.6586
42927.359	    56.0748
42928.414	    56.8720
42929.492	    55.6586
42930.547	    56.8720
42931.625	    55.6586
42932.688	    56.4972
42933.773	    55.2486
42934.859	    55.2486
42935.961	    54.4465
42937.055	    54.8446
42938.164	    54.1028
42939.273	    54.1028
42940.375	    54.4465
42941.492	    53.7153
42942.602	    54.1028
42943.711	    54.1028
42944.797	    55.2486
42945.906	    54.1028
42946.984	    55.6586
42948.078	    54.8446
42949.172	    54.8446
42950.250	    55.6586
42951.344	    54.8446
42952.430	    55.2486
42953.539	    54.1028
42954.633	    54.8446
42955.727	    54.8446
42956.836	    54.1028
42957.930	    54.8446
42959.023	    54.8446
42960.109	    55.2486
42961.188	    55.6586
42962.266	    55.6586
42963.352	    55.2486
42964.453	    54.4465
42965.547	    54.8446
42966.641	    54.8446
42967.758	    53.7153
42968.852	    54.8446
42969.961	    54.1028
42971.055	    54.8446
42972.164	    54.1028
42973.266	    54.4465
42974.367	    54.4465
42975.469	    54.4465
42976.578	    54.1028
42977.680	    54.4465
42978.781	    54.4465
42979.883	    54.4465
42980.977	    54.8446
42982.070	    54.8446
42983.172	    54.4465
42984.258	    55.2486
42985.359	    54.4465
42986.445	    55.2486
42987.539	    54.8446
42988.633	    54.8446
42989.734	    54.4465
42990.844	    54.1028
42991.938	    54.8446
42993.047	    54.1028
42994.141	    54.8446
42995.250	    54.1028
42996.352	    54.4465
42997.477	    53.3333
42998.578	    54.4465
42999.695	    53.7153
43000.797	    54.4465
43001.914	    53.7153
43003.031	    53.7153
43004.141	    54.1028
43005.258	    53.7153
43006.359	    54.4465
43007.477	    53.7153
43008.578	    54.4465
43009.703	    53.3333
43010.805	    54.4465
43011.906	    54.4465
43013.000	    54.8446
43014.109	    54.1028
43015.219	    54.1028
43016.328	    54.1028
43017.422	    54.8446
43018.539	    53.7153
43019.656	    53.7153
43020.758	    54.4465
43021.875	    53.7153
43022.984	    54.1028
43024.086	    54.4465
43025.172	    55.2486
43026.273	    54.4465
43027.352	    55.6586
43028.438	    55.2486
43029.508	    56.0748
43030.602	    54.8446
43031.680	    55.6586
43032.773	    54.8446
43033.875	    54.4465
43034.969	    54.8446
43036.062	    54.8446
43037.148	    55.2486
43038.258	    54.1028
43039.352	    54.8446
43040.453	    54.4465
43041.555	    54.4465
43042.648	    54.8446
43043.734	    55.2486
43044.828	    54.8446
43045.922	    54.8446
43047.016	    54.8446
43048.117	    54.4465
43049.195	    55.6586
43050.297	    54.4465
43051.383	    55.2486
43052.477	    54.8446
43053.570	    54.8446
43054.656	    55.2486
43055.742	    55.2486
43056.836	    54.8446
43057.938	    54.4465
43059.039	    54.4465
43060.133	    54.8446
43061.211	    55.6586
43062.305	    54.8446
43063.391	    55.2486
43064.484	    54.8446
43065.555	    56.0748
43066.641	    55.2486
43067.727	    55.2486
43068.812	    55.2486
43069.898	    55.2486
43070.992	    54.8446
43072.086	    54.8446
43073.188	    54.4465
43074.266	    55.6586
43075.367	    54.4465
43076.461	    54.8446
43077.547	    55.2486
43078.648	    54.4465
43079.742	    54.8446
43080.852	    54.1028
43081.945	    54.8446
43083.047	    54.4465
43084.148	    54.4465
43085.258	    54.1028
43086.367	    54.1028
43087.469	    54.4465
43088.578	    54.1028
43089.695	    53.7153
43090.812	    53.7153
43091.922	    54.1028
43093.039	    53.7153
43094.141	    54.4465
43095.242	    54.4465
43096.344	    54.4465
43097.453	    54.1028
43098.547	    54.8446
43099.664	    53.7153
43100.758	    54.8446
43101.859	    54.4465
43102.953	    54.8446
43104.070	    53.7153
43105.180	    54.1028
43106.281	    54.4465
43107.391	    54.1028
43108.492	    54.4465
43109.602	    54.1028
43110.703	    54.4465
43111.812	    54.1028
43112.922	    54.1028
43114.023	    54.4465
43115.102	    55.6586
43116.203	    54.4465
43117.281	    55.6586
43118.352	    56.0748
43119.438	    55.2486
43120.523	    55.2486
43121.617	    54.8446
43122.695	    55.6586
43123.805	    54.1028
43124.891	    55.2486
43126.000	    54.1028
43127.078	    55.6586
43128.188	    54.1028
43129.266	    55.6586
43130.367	    54.4465
43131.453	    55.2486
43132.555	    54.4465
43133.656	    54.4465
43134.742	    55.2486
43135.852	    54.1028
43136.945	    54.8446
43138.047	    54.4465
43139.117	    56.0748
43140.203	    55.2486
43141.273	    56.0748
43142.352	    55.6586
43143.430	    55.6586
43144.516	    55.2486
43145.602	    55.2486
43146.688	    55.2486
43147.781	    54.8446
43148.875	    54.8446
43149.969	    54.8446
43151.078	    54.1028
43152.172	    54.8446
43153.266	    54.8446
43154.367	    54.4465
43155.461	    54.8446
43156.562	    54.4465
43157.648	    55.2486
43158.750	    54.4465
43159.844	    54.8446
43160.938	    54.8446
43162.031	    54.8446
43163.094	    56.4972
43164.156	    56.4972
43165.203	    57.3066
43166.273	    56.0748
43167.367	    54.8446
43168.461	    54.8446
43169.547	    55.2486
43170.617	    56.0748
43171.711	    54.8446
43172.805	    54.8446
43173.898	    54.8446
43175.008	    54.1028
43176.094	    55.2486
43177.195	    54.4465
43178.297	    54.4465
43179.383	    55.2486
43180.477	    54.8446
43181.562	    55.2486
43182.641	    55.6586
43183.734	    54.8446
43184.812	    55.6586
43185.906	    54.8446
43187.000	    54.8446
43188.094	    54.8446
43189.203	    54.1028
43190.289	    55.2486
43191.398	    54.1028
43192.500	    54.4465
43193.602	    54.4465
43194.711	    54.1028
43195.812	    54.4465
43196.938	    53.3333
43198.039	    54.4465
43199.164	    53.3333
43200.281	    53.7153
43201.398	    53.7153
43202.516	    53.7153
43203.625	    54.1028
43204.758	    52.9568
43205.867	    54.1028
43207.000	    52.9568
43208.102	    54.4465
43209.227	    53.3333
43210.328	    54.4465
43211.430	    54.4465
43212.539	    54.1028
43213.648	    54.1028
43214.734	    55.2486
43215.836	    54.4465
43216.930	    54.8446
43218.039	    54.1028
43219.133	    54.8446
43220.242	    54.1028
43221.344	    54.4465
43222.453	    54.1028
43223.562	    54.1028
43224.672	    54.1028
43225.789	    53.7153
43226.891	    54.4465
43228.008	    53.7153
43229.117	    54.1028
43230.219	    54.4465
43231.305	    55.2486
43232.398	    54.8446
43233.484	    55.2486
43234.578	    54.8446
43235.664	    55.2486
43236.742	    55.6586
43237.836	    54.8446
43238.922	    55.2486
43239.992	    56.0748
43241.086	    54.8446
43242.164	    55.6586
43243.250	    55.2486
43244.320	    56.0748
43245.383	    56.4972
43246.453	    56.0748
43247.508	    56.8720
43248.570	    56.4972
43249.633	    56.4972
43250.711	    55.6586
43251.797	    55.2486
43252.875	    55.6586
43253.945	    56.0748
43255.047	    54.4465
43256.125	    55.6586
43257.227	    54.4465
43258.320	    54.8446
43259.406	    55.2486
43260.508	    54.4465
43261.586	    55.6586
43262.680	    54.8446
43263.758	    55.6586
43264.852	    54.8446
43265.922	    56.0748
43267.016	    54.8446
43268.094	    55.6586
43269.172	    55.6586
43270.273	    54.4465
43271.359	    55.2486
43272.461	    54.4465
43273.555	    54.8446
43274.656	    54.4465
43275.758	    54.4465
43276.852	    54.8446
43277.953	    54.4465
43279.047	    54.8446
43280.141	    54.8446
43281.250	    54.1028
43282.344	    54.8446
43283.453	    54.1028
43284.539	    55.2486
43285.641	    54.4465
43286.742	    54.4465
43287.844	    54.4465
43288.938	    54.8446
43290.031	    54.8446
43291.133	    54.4465
43292.234	    54.4465
43293.352	    53.7153
43294.461	    54.1028
43295.562	    54.4465
43296.656	    54.8446
43297.750	    54.8446
43298.828	    55.6586
43299.914	    55.2486
43301.008	    54.8446
43302.102	    54.8446
43303.203	    54.4465
43304.289	    55.2486
43305.391	    54.4465
43306.500	    54.1028
43307.602	    54.4465
43308.711	    54.1028
43309.812	    54.4465
43310.922	    54.1028
43312.031	    54.1028
43313.141	    54.1028
43314.258	    53.7153
43315.352	    54.8446
43316.477	    53.3333
43317.594	    53.7153
43318.680	    55.2486
43319.789	    54.1028
43320.883	    54.8446
43321.984	    54.4465
43323.086	    54.4465
43324.180	    54.8446
43325.281	    54.4465
43326.359	    55.6586
43327.469	    54.1028
43328.547	    55.6586
43329.664	    53.7153
43330.758	    54.8446
43331.867	    54.1028
43332.969	    54.4465
43334.078	    54.1028
43335.180	    54.4465
43336.273	    54.8446
43337.391	    53.7153
43338.484	    54.8446
43339.594	    54.1028
43340.688	    54.8446
43341.797	    54.1028
43342.906	    54.1028
43343.992	    55.2486
43345.094	    54.4465
43346.172	    55.6586
43347.273	    54.4465
43348.352	    55.6586
43349.453	    54.4465
43350.555	    54.4465
43351.648	    54.8446
43352.750	    54.4465
43353.844	    54.8446
43354.953	    54.1028
43356.047	    54.8446
43357.156	    54.1028
43358.250	    54.8446
43359.359	    54.1028
43360.453	    54.8446
43361.562	    54.1028
43362.664	    54.4465
43363.773	    54.1028
43364.867	    54.8446
43365.969	    54.4465
43367.070	    54.4465
43368.180	    54.1028
43369.289	    54.1028
43370.398	    54.1028
43371.523	    53.3333
43372.625	    54.4465
43373.727	    54.4465
43374.820	    54.8446
43375.914	    54.8446
43377.016	    54.4465
43378.102	    55.2486
43379.195	    54.8446
43380.273	    55.6586
43381.375	    54.4465
43382.469	    54.8446
43383.555	    55.2486
43384.656	    54.4465
43385.734	    55.6586
43386.844	    54.1028
43387.938	    54.8446
43389.047	    54.1028
43390.133	    55.2486
43391.227	    54.8446
43392.305	    55.6586
43393.383	    55.6586
43394.461	    55.6586
43395.539	    55.6586
43396.594	    56.8720
43397.672	    55.6586
43398.734	    56.4972
43399.820	    55.2486
43400.883	    56.4972
43401.969	    55.2486
43403.047	    55.6586
43404.133	    55.2486
43405.211	    55.6586
43406.297	    55.2486
43407.383	    55.2486
43408.492	    54.1028
43409.602	    54.1028
43410.703	    54.4465
43411.805	    54.4465
43412.898	    54.8446
43414.000	    54.4465
43415.102	    54.4465
43416.219	    53.7153
43417.328	    54.1028
43418.430	    54.4465
43419.531	    54.4465
43420.617	    55.2486
43421.719	    54.4465
43422.805	    55.2486
43423.898	    54.8446
43424.992	    54.8446
43426.062	    56.0748
43427.156	    54.8446
43428.242	    55.2486
43429.328	    55.2486
43430.414	    55.2486
43431.492	    55.6586
43432.586	    54.8446
43433.656	    56.0748
43434.734	    55.6586
43435.812	    55.6586
43436.898	    55.2486
43437.984	    55.2486
43439.078	    54.8446
43440.148	    56.0748
43441.234	    55.2486
43442.305	    56.0748
43443.383	    55.6586
43444.453	    56.0748
43445.539	    55.2486
43446.617	    55.6586
43447.703	    55.2486
43448.781	    55.6586
43449.875	    54.8446
43450.969	    54.8446
43452.047	    55.6586
43453.133	    55.2486
43454.203	    56.0748
43455.281	    55.6586
43456.344	    56.4972
43457.414	    56.0748
43458.469	    56.8720
43459.531	    56.4972
43460.594	    56.4972
43461.664	    56.0748
43462.727	    56.4972
43463.805	    55.6586
43464.883	    55.6586
43465.961	    55.6586
43467.047	    55.2486
43468.117	    56.0748
43469.219	    54.4465
43470.305	    55.2486
43471.406	    54.4465
43472.492	    55.2486
43473.586	    54.8446
43474.680	    54.8446
43475.797	    53.7153
43476.898	    54.4465
43477.984	    55.2486
43479.094	    54.1028
43480.180	    55.2486
43481.281	    54.4465
43482.383	    54.4465
43483.484	    54.4465
43484.578	    54.8446
43485.680	    54.4465
43486.773	    54.8446
43487.852	    55.6586
43488.945	    54.8446
43490.039	    54.8446
43491.125	    55.2486
43492.203	    55.6586
43493.281	    55.6586
43494.375	    54.8446
43495.453	    55.6586
43496.555	    54.4465
43497.641	    55.2486
43498.742	    54.4465
43499.836	    54.8446
43500.906	    56.0748
43502.000	    54.8446
43503.094	    54.8446
43504.188	    54.8446
43505.289	    54.4465
43506.375	    55.2486
43507.477	    54.4465
43508.570	    54.8446
43509.680	    54.1028
43510.766	    55.2486
43511.859	    54.8446
43512.953	    54.8446
43514.047	    54.8446
43515.156	    54.1028
43516.242	    55.2486
43517.359	    53.7153
43518.453	    54.8446
43519.555	    54.4465
43520.664	    54.1028
43521.766	    54.4465
43522.891	    53.3333
43523.984	    54.8446
43525.117	    52.9568
43526.219	    54.4465
43527.344	    53.3333
43528.461	    53.7153
43529.570	    54.1028
43530.688	    53.7153
43531.789	    54.4465
43532.891	    54.4465
43533.992	    54.4465
43535.109	    53.7153
43536.203	    54.8446
43537.305	    54.4465
43538.414	    54.1028
43539.516	    54.4465
43540.625	    54.1028
43541.719	    54.8446
43542.828	    54.1028
43543.914	    55.2486
43545.008	    54.8446
43546.102	    54.8446
43547.203	    54.4465
43548.281	    55.6586
43549.367	    55.2486
43550.438	    56.0748
43551.500	    56.4972
43552.578	    55.6586
43553.633	    56.8720
43554.727	    54.8446
43555.789	    56.4972
43556.883	    54.8446
43557.961	    55.6586
43559.062	    54.4465
43560.141	    55.6586
43561.227	    55.2486
43562.320	    54.8446
43563.414	    54.8446
43564.523	    54.1028
43565.609	    55.2486
43566.719	    54.1028
43567.812	    54.8446
43568.906	    54.8446
43569.992	    55.2486
43571.078	    55.2486
43572.172	    54.8446
43573.258	    55.2486
43574.344	    55.2486
43575.438	    54.8446
43576.523	    55.2486
43577.633	    54.1028
43578.719	    55.2486
43579.812	    54.8446
43580.906	    54.8446
43581.992	    55.2486
43583.094	    54.4465
43584.180	    55.2486
43585.281	    54.4465
43586.359	    55.6586
43587.461	    54.4465
43588.547	    55.2486
43589.648	    54.4465
43590.734	    55.2486
43591.812	    55.6586
43592.914	    54.4465
43594.000	    55.2486
43595.102	    54.4465
43596.195	    54.8446
43597.297	    54.4465
43598.406	    54.1028
43599.500	    54.8446
43600.617	    53.7153
43601.703	    55.2486
43602.812	    54.1028
43603.906	    54.8446
43605.008	    54.4465
43606.102	    54.8446
43607.195	    54.8446
43608.281	    55.2486
43609.359	    55.6586
43610.469	    54.1028
43611.555	    55.2486
43612.656	    54.4465
43613.750	    54.8446
43614.852	    54.4465
43615.953	    54.4465
43617.055	    54.4465
43618.172	    53.7153
43619.266	    54.8446
43620.367	    54.4465
43621.469	    54.4465
43622.555	    55.2486
43623.664	    54.1028
43624.750	    55.2486
43625.852	    54.4465
43626.945	    54.8446
43628.047	    54.4465
43629.148	    54.4465
43630.242	    54.8446
43631.344	    54.4465
43632.438	    54.8446
43633.531	    54.8446
43634.602	    56.0748
43635.672	    56.0748
43636.766	    54.8446
43637.836	    56.0748
43638.914	    55.6586
43639.977	    56.4972
43641.070	    54.8446
43642.141	    56.0748
43643.211	    56.0748
43644.297	    55.2486
43645.367	    56.0748
43646.445	    55.6586
43647.531	    55.2486
43648.633	    54.4465
43649.734	    54.4465
43650.828	    54.8446
43651.945	    53.7153
43653.047	    54.4465
43654.164	    53.7153
43655.266	    54.4465
43656.383	    53.7153
43657.492	    54.1028
43658.617	    53.3333
43659.734	    53.7153
43660.836	    54.4465
43661.953	    53.7153
43663.070	    53.7153
43664.188	    53.7153
43665.312	    53.3333
43666.422	    54.1028
43667.555	    52.9568
43668.664	    54.1028
43669.781	    53.7153
43670.891	    54.1028
43672.008	    53.7153
43673.117	    54.1028
43674.211	    54.8446
43675.320	    54.1028
43676.414	    54.8446
43677.523	    54.1028
43678.625	    54.4465
43679.734	    54.1028
43680.836	    54.4465
43681.930	    54.8446
43683.039	    54.1028
43684.133	    54.8446
43685.219	    55.2486
43686.320	    54.4465
43687.406	    55.2486
43688.500	    54.8446
43689.594	    54.8446
43690.680	    55.2486
43691.773	    54.8446
43692.875	    54.4465
43693.984	    54.1028
43695.078	    54.8446
43696.180	    54.4465
43697.273	    54.8446
43698.367	    54.8446
43699.469	    54.4465
43700.562	    54.8446
43701.664	    54.4465
43702.766	    54.4465
43703.883	    53.7153
43704.992	    54.1028
43706.102	    54.1028
43707.219	    53.7153
43708.312	    54.8446
43709.414	    54.4465
43710.500	    55.2486
43711.594	    54.8446
43712.688	    54.8446
43713.781	    54.8446
43714.867	    55.2486
43715.953	    55.2486
43717.031	    55.6586
43718.133	    54.4465
43719.227	    54.8446
43720.320	    54.8446
43721.414	    54.8446
43722.500	    55.2486
43723.602	    54.4465
43724.680	    55.6586
43725.773	    54.8446
43726.875	    54.4465
43727.969	    54.8446
43729.078	    54.1028
43730.172	    54.8446
43731.273	    54.4465
43732.359	    55.2486
43733.469	    54.1028
43734.547	    55.6586
43735.648	    54.4465
43736.750	    54.4465
43737.836	    55.2486
43738.938	    54.4465
43740.023	    55.2486
43741.125	    54.4465
43742.195	    56.0748
43743.305	    54.1028
43744.391	    55.2486
43745.484	    54.8446
43746.578	    54.8446
43747.664	    55.2486
43748.758	    54.8446
43749.836	    55.6586
43750.938	    54.4465
43752.023	    55.2486
43753.109	    55.2486
43754.203	    54.8446
43755.297	    54.8446
43756.398	    54.4465
43757.484	    55.2486
43758.586	    54.4465
43759.664	    55.6586
43760.758	    54.8446
43761.852	    54.8446
43762.930	    55.6586
43764.031	    54.4465
43765.109	    55.6586
43766.219	    54.1028
43767.305	    55.2486
43768.406	    54.4465
43769.508	    54.4465
43770.609	    54.4465
43771.727	    53.7153
43772.820	    54.8446
43773.930	    54.1028
43775.031	    54.4465
43776.133	    54.4465
43777.242	    54.1028
43778.336	    54.8446
43779.438	    54.4465
43780.516	    55.6586
43781.617	    54.4465
43782.695	    55.6586
43783.797	    54.4465
43784.891	    54.8446
43785.984	    54.8446
43787.086	    54.4465
43788.188	    54.4465
43789.289	    54.4465
43790.383	    54.8446
43791.492	    54.1028
43792.570	    55.6586
43793.664	    54.8446
43794.742	    55.6586
43795.820	    55.6586
43796.914	    54.8446
43797.977	    56.4972
43799.055	    55.6586
43800.133	    55.6586
43801.203	    56.0748
43802.289	    55.2486
43803.352	    56.4972
43804.430	    55.6586
43805.484	    56.8720
43806.562	    55.6586
43807.641	    55.6586
43808.703	    56.4972
43809.781	    55.6586
43810.844	    56.4972
43811.922	    55.6586
43812.992	    56.0748
43814.055	    56.4972
43815.117	    56.4972
43816.180	    56.4972
43817.266	    55.2486
43818.336	    56.0748
43819.422	    55.2486
43820.508	    55.2486
43821.586	    55.6586
43822.680	    54.8446
43823.773	    54.8446
43824.875	    54.4465
43825.969	    54.8446
43827.070	    54.4465
43828.164	    54.8446
43829.242	    55.6586
43830.352	    54.1028
43831.430	    55.6586
43832.531	    54.4465
43833.617	    55.2486
43834.719	    54.4465
43835.805	    55.2486
43836.891	    55.2486
43837.984	    54.8446
43839.062	    55.6586
43840.164	    54.4465
43841.242	    55.6586
43842.328	    55.2486
43843.398	    56.0748
43844.484	    55.2486
43845.555	    56.0748
43846.625	    56.0748
43847.688	    56.4972
43848.758	    56.0748
43849.836	    55.6586
43850.922	    55.2486
43852.000	    55.6586
43853.086	    55.2486
43854.172	    55.2486
43855.258	    55.2486
43856.352	    54.8446
43857.438	    55.2486
43858.539	    54.4465
43859.617	    55.6586
43860.703	    55.2486
43861.781	    55.6586
43862.852	    56.0748
43863.930	    55.6586
43865.000	    56.0748
43866.086	    55.2486
43867.164	    55.6586
43868.250	    55.2486
43869.352	    54.4465
43870.430	    55.6586
43871.539	    54.1028
43872.625	    55.2486
43873.742	    53.7153
43874.836	    54.8446
43875.945	    54.1028
43877.047	    54.4465
43878.141	    54.8446
43879.250	    54.1028
43880.336	    55.2486
43881.445	    54.1028
43882.539	    54.8446
43883.633	    54.8446
43884.727	    54.8446
43885.805	    55.6586
43886.898	    54.8446
43887.969	    56.0748
43889.055	    55.2486
43890.125	    56.0748
43891.211	    55.2486
43892.289	    55.6586
43893.367	    55.6586
43894.445	    55.6586
43895.508	    56.4972
43896.594	    55.2486
43897.672	    55.6586
43898.766	    54.8446
43899.844	    55.6586
43900.930	    55.2486
43902.023	    54.8446
43903.094	    56.0748
43904.188	    54.8446
43905.273	    55.2486
43906.367	    54.8446
43907.445	    55.6586
43908.523	    55.6586
43909.617	    54.8446
43910.703	    55.2486
43911.797	    54.8446
43912.883	    55.2486
43913.984	    54.4465
43915.078	    54.8446
43916.180	    54.4465
43917.281	    54.4465
43918.367	    55.2486
43919.469	    54.4465
43920.547	    55.6586
43921.656	    54.1028
43922.742	    55.2486
43923.828	    55.2486
43924.922	    54.8446
43926.016	    54.8446
43927.102	    55.2486
43928.180	    55.6586
43929.266	    55.2486
43930.336	    56.0748
43931.422	    55.2486
43932.508	    55.2486
43933.578	    56.0748
43934.648	    56.0748
43935.711	    56.4972
43936.781	    56.0748
43937.852	    56.0748
43938.938	    55.2486
43940.016	    55.6586
43941.094	    55.6586
43942.180	    55.2486
43943.258	    55.6586
43944.352	    54.8446
43945.438	    55.2486
43946.539	    54.4465
43947.625	    55.2486
43948.719	    54.8446
43949.812	    54.8446
43950.891	    55.6586
43951.984	    54.8446
43953.078	    54.8446
43954.148	    56.0748
43955.242	    54.8446
43956.328	    55.2486
43957.422	    54.8446
43958.516	    54.8446
43959.602	    55.2486
43960.719	    53.7153
43961.805	    55.2486
43962.922	    53.7153
43964.008	    55.2486
43965.102	    54.8446
43966.188	    55.2486
43967.234	    57.3066
43968.297	    56.4972
43969.328	    58.1959
43970.359	    58.1959
43971.383	    58.6510
43972.414	    58.1959
43973.445	    58.1959
43974.406	    62.4350
43975.359	    62.9591
43976.289	    64.5161
43977.227	    63.9659
43978.188	    62.4350
43979.188	    60.0000
43980.211	    58.6510
43981.266	    56.8720
43982.352	    55.2486
43983.445	    54.8446
43984.508	    56.4972
43985.555	    57.3066
43986.625	    56.0748
43987.703	    55.6586
43988.773	    56.0748
43989.859	    55.2486
43990.945	    55.2486
43992.023	    55.6586
43993.125	    54.4465
43994.219	    54.8446
43995.320	    54.4465
43996.430	    54.1028
43997.516	    55.2486
43998.641	    53.3333
43999.742	    54.4465
44000.852	    54.1028
44001.969	    53.7153
44003.062	    54.8446
44004.180	    53.7153
44005.281	    54.4465
44006.398	    53.7153
44007.523	    53.3333
44008.641	    53.7153
44009.766	    53.3333
44010.898	    52.9568
44012.000	    54.4465
44013.117	    53.7153
44014.234	    53.7153
44015.328	    54.8446
44016.453	    53.3333
44017.555	    54.4465
44018.664	    54.1028
44019.781	    53.7153
44020.891	    54.1028
44021.992	    54.4465
44023.094	    54.4465
44024.219	    53.3333
44025.336	    53.7153
44026.461	    53.3333
44027.594	    52.9568
44028.719	    53.3333
44029.852	    52.9568
44030.969	    53.7153
44032.102	    52.9568
44033.234	    52.9568
44034.344	    54.1028
44035.477	    52.9568
44036.602	    53.3333
44037.719	    53.7153
44038.836	    53.7153
44039.953	    53.7153
44041.070	    53.7153
44042.180	    54.1028
44043.289	    54.1028
44044.391	    54.4465
44045.492	    54.4465
44046.602	    54.1028
44047.719	    53.7153
44048.820	    54.4465
44049.945	    53.3333
44051.062	    53.7153
44052.188	    53.3333
44053.312	    53.3333
44054.422	    54.1028
44055.555	    52.9568
44056.664	    54.1028
44057.789	    53.3333
44058.906	    53.7153
44060.023	    53.7153
44061.156	    52.9568
44062.273	    53.7153
44063.398	    53.3333
44064.539	    52.5854
44065.648	    54.1028
44066.789	    52.5854
44067.906	    53.7153
44069.039	    52.9568
44070.164	    53.3333
44071.273	    54.1028
44072.391	    53.7153
44073.508	    53.7153
44074.633	    53.3333
44075.750	    53.7153
44076.852	    54.4465
44077.961	    54.1028
44079.062	    54.4465
44080.180	    53.7153
44081.289	    54.1028
44082.414	    53.3333
44083.523	    54.1028
44084.633	    54.1028
44085.742	    54.1028
44086.852	    54.1028
44087.984	    52.9568
44089.094	    54.1028
44090.211	    53.7153
44091.328	    53.7153
44092.438	    54.1028
44093.555	    53.7153
44094.656	    54.4465
44095.773	    53.7153
44096.867	    54.8446
44097.984	    53.7153
44099.086	    54.4465
44100.180	    54.8446
44101.289	    54.1028
44102.383	    54.8446
44103.500	    53.7153
44104.602	    54.4465
44105.719	    53.7153
44106.828	    54.1028
44107.930	    54.4465
44109.031	    54.4465
44110.125	    54.8446
44111.242	    53.7153
44112.344	    54.4465
44113.461	    53.7153
44114.570	    54.1028
44115.688	    53.7153
44116.805	    53.7153
44117.914	    54.1028
44119.039	    53.3333
44120.164	    53.3333
44121.273	    54.1028
44122.391	    53.7153
44123.492	    54.4465
44124.609	    53.7153
44125.727	    53.7153
44126.828	    54.4465
44127.930	    54.4465
44129.016	    55.2486
44130.133	    53.7153
44131.227	    54.8446
44132.320	    54.8446
44133.422	    54.4465
44134.516	    54.8446
44135.625	    54.1028
44136.727	    54.4465
44137.844	    53.7153
44138.938	    54.8446
44140.062	    53.3333
44141.180	    53.7153
44142.281	    54.4465
44143.398	    53.7153
44144.484	    55.2486
44145.594	    54.1028
44146.695	    54.4465
44147.789	    54.8446
44148.891	    54.4465
44149.984	    54.8446
44151.078	    54.8446
44152.180	    54.4465
44153.273	    54.8446
44154.391	    53.7153
44155.500	    54.1028
44156.617	    53.7153
44157.727	    54.1028
44158.836	    54.1028
44159.961	    53.3333
44161.055	    54.8446
44162.180	    53.3333
44163.273	    54.8446
44164.375	    54.4465
44165.477	    54.4465
44166.555	    55.6586
44167.656	    54.4465
44168.750	    54.8446
44169.852	    54.4465
44170.961	    54.1028
44172.055	    54.8446
44173.172	    53.7153
44174.289	    53.7153
44175.383	    54.8446
44176.484	    54.4465
44177.578	    54.8446
44178.664	    55.2486
44179.766	    54.4465
44180.836	    56.0748
44181.938	    54.4465
44183.008	    56.0748
44184.094	    55.2486
44185.172	    55.6586
44186.250	    55.6586
44187.336	    55.2486
44188.414	    55.6586
44189.531	    53.7153
44190.625	    54.8446
44191.719	    54.8446
44192.820	    54.4465
44193.914	    54.8446
44195.031	    53.7153
44196.125	    54.8446
44197.211	    55.2486
44198.297	    55.2486
44199.375	    55.6586
44200.383	    59.5238
44201.422	    57.7478
44202.398	    61.4125
44203.359	    62.4350
44204.297	    63.9659
44205.242	    63.4921
44206.211	    61.9195
44207.133	    65.0759
44208.062	    64.5161
44209.000	    63.9659
44209.930	    64.5161
44210.891	    62.4350
44211.859	    61.9195
44212.852	    60.4839
44213.828	    61.4125
44214.797	    61.9195
44215.789	    60.4839
44216.766	    61.4125
44217.812	    57.3066
44218.781	    61.9195
44219.781	    60.0000
44220.812	    58.1959
44221.852	    57.7478
44222.945	    54.8446
44224.008	    56.4972
44225.039	    58.1959
44226.117	    55.6586
44227.172	    56.8720
44228.242	    56.0748
44229.344	    54.4465
44230.414	    56.0748
44231.500	    55.2486
44232.562	    56.4972
44233.633	    56.0748
44234.695	    56.4972
44235.789	    54.8446
44236.852	    56.4972
44237.930	    55.6586
44238.969	    57.7478
44240.016	    57.3066
44241.141	    53.3333
44242.188	    57.3066
44243.227	    57.7478
44244.266	    57.7478
44245.289	    58.6510
44246.305	    59.0551
44246.984	    88.2353
44248.156	    51.1945
44249.164	    59.5238
44250.133	    61.9195
44251.094	    62.4350
44252.016	    65.0759
44252.922	    66.2252
44253.844	    65.0759
44254.805	    62.4350
44255.805	    60.0000
44256.828	    58.6510
44257.781	    62.9591
44258.758	    61.4125
44259.766	    59.5238
44260.781	    59.0551
44261.797	    59.0551
44262.820	    58.6510
44263.906	    55.2486
44265.000	    54.8446
44266.109	    54.1028
44267.219	    54.1028
44268.328	    54.1028
44269.453	    53.3333
44270.555	    54.4465
44271.664	    54.1028
44272.789	    53.3333
44273.906	    53.7153
44275.031	    53.3333
44276.117	    55.2486
44277.227	    54.1028
44278.336	    54.1028
44279.445	    54.1028
44280.547	    54.4465
44281.656	    54.1028
44282.797	    52.5854
44283.945	    52.2648
44285.094	    52.2648
44286.266	    51.1945
44287.414	    52.2648
44288.578	    51.5464
44289.727	    52.2648
44290.859	    52.9568
44292.008	    52.2648
44293.133	    53.3333
44294.250	    53.7153
44295.398	    52.2648
44296.531	    52.9568
44297.680	    52.2648
44298.820	    52.5854
44299.969	    52.2648
44301.109	    52.5854
44302.219	    54.1028
44303.359	    52.5854
44304.500	    52.5854
44305.641	    52.5854
44306.781	    52.5854
44307.922	    52.5854
44309.070	    52.2648
44310.211	    52.5854
44311.359	    52.2648
44312.492	    52.9568
44313.633	    52.5854
44314.766	    52.9568
44315.906	    52.5854
44317.055	    52.2648
44318.203	    52.2648
44319.359	    51.9031
44320.500	    52.5854
44321.656	    51.9031
44322.781	    53.3333
44323.930	    52.2648
44325.062	    52.9568
44326.211	    52.2648
44327.328	    53.7153
44328.469	    52.5854
44329.609	    52.5854
44330.781	    51.1945
44331.922	    52.5854
44333.062	    52.5854
44334.203	    52.5854
44335.328	    53.3333
44336.469	    52.5854
44337.602	    52.9568
44338.734	    52.9568
44339.852	    53.7153
44341.000	    52.2648
44342.125	    53.3333
44343.258	    52.9568
44344.375	    53.7153
44345.469	    54.8446
44346.570	    54.4465
44347.656	    55.2486
44348.758	    54.4465
44349.820	    56.4972
44350.906	    55.2486
44351.992	    55.2486
44353.078	    55.2486
44354.172	    54.8446
44355.250	    55.6586
44356.336	    55.2486
44357.406	    56.0748
44358.477	    56.0748
44359.547	    56.0748
44360.617	    56.0748
44361.664	    57.3066
44362.750	    55.2486
44363.812	    56.4972
44364.844	    58.1959
44365.922	    55.6586
44366.945	    58.6510
44367.953	    59.5238
44369.000	    57.3066
44370.000	    60.0000
44370.977	    61.4125
44371.953	    61.4125
44372.922	    61.9195
44373.891	    61.9195
44374.898	    59.5238
44375.898	    60.0000
44376.914	    59.0551
44377.969	    56.8720
44379.070	    54.4465
44380.156	    55.2486
44381.242	    55.2486
44382.359	    53.7153
44383.477	    53.7153
44384.570	    54.8446
44385.703	    52.9568
44386.844	    52.5854
44388.000	    51.9031
44389.164	    51.5464
44390.289	    53.3333
44391.438	    52.2648
44392.578	    52.5854
44393.719	    52.5854
44394.852	    52.9568
44395.984	    52.9568
44397.109	    53.3333
44398.188	    55.6586
44399.312	    53.3333
44400.414	    54.4465
44401.562	    52.2648
44402.695	    52.9568
44403.859	    51.5464
44405.008	    52.2648
44406.156	    52.2648
44407.320	    51.5464
44408.453	    52.9568
44409.617	    51.5464
44410.781	    51.5464
44411.953	    51.1945
44413.117	    51.5464
44414.250	    52.9568
44415.406	    51.9031
44416.562	    51.9031
44417.703	    52.5854
44418.859	    51.9031
44420.016	    51.9031
44421.148	    52.9568
44422.312	    51.5464
44423.461	    52.2648
44424.625	    51.5464
44425.789	    51.5464
44426.922	    52.9568
44428.086	    51.5464
44429.227	    52.5854
44430.391	    51.5464
44431.523	    52.9568
44432.680	    51.9031
44433.797	    53.7153
44434.938	    52.5854
44436.047	    54.1028
44437.156	    54.1028
44438.227	    56.0748
44439.344	    53.7153
44440.430	    55.2486
44441.578	    52.2648
44442.695	    53.7153
44443.828	    52.9568
44444.938	    54.1028
44446.078	    52.5854
44447.195	    53.7153
44448.336	    52.5854
44449.469	    52.9568
44450.609	    52.5854
44451.742	    52.9568
44452.867	    53.3333
44454.000	    52.9568
44455.125	    53.3333
44456.250	    53.3333
44457.383	    52.9568
44458.516	    52.9568
44459.664	    52.2648
44460.773	    54.1028
44461.906	    52.9568
44463.016	    54.1028
44464.148	    52.9568
44465.266	    53.7153
44466.391	    53.3333
44467.484	    54.8446
44468.586	    54.4465
44469.711	    53.3333
44470.836	    53.3333
44471.953	    53.7153
44473.078	    53.3333
44474.195	    53.7153
44475.297	    54.4465
44476.414	    53.7153
44477.531	    53.7153
44478.625	    54.8446
44479.742	    53.7153
44480.859	    53.7153
44481.953	    54.8446
44483.086	    52.9568
44484.195	    54.1028
44485.289	    54.8446
44486.406	    53.7153
44487.508	    54.4465
44488.617	    54.1028
44489.727	    54.1028
44490.820	    54.8446
44491.938	    53.7153
44493.039	    54.4465
44494.164	    53.3333
44495.281	    53.7153
44496.398	    53.7153
44497.523	    53.3333
44498.633	    54.1028
44499.758	    53.3333
44500.875	    53.7153
44501.977	    54.4465
44503.109	    52.9568
44504.219	    54.1028
44505.352	    52.9568
44506.453	    54.4465
44507.570	    53.7153
44508.703	    52.9568
44509.828	    53.3333
44510.961	    52.9568
44512.055	    54.8446
44513.180	    53.3333
44514.289	    54.1028
44515.383	    54.8446
44516.492	    54.1028
44517.594	    54.4465
44518.703	    54.1028
44519.797	    54.8446
44520.875	    55.6586
44521.984	    54.1028
44523.070	    55.2486
44524.188	    53.7153
44525.312	    53.3333
44526.406	    54.8446
44527.523	    53.7153
44528.625	    54.4465
44529.742	    53.7153
44530.867	    53.3333
44531.969	    54.4465
44533.086	    53.7153
44534.172	    55.2486
44535.289	    53.7153
44536.398	    54.1028
44537.508	    54.1028
44538.617	    54.1028
44539.719	    54.4465
44540.820	    54.4465
44541.938	    53.7153
44543.039	    54.4465
44544.164	    53.3333
44545.273	    54.1028
44546.391	    53.7153
44547.523	    52.9568
44548.625	    54.4465
44549.750	    53.3333
44550.859	    54.1028
44551.992	    52.9568
44553.109	    53.7153
44554.234	    53.3333
44555.367	    52.9568
44556.508	    52.5854
44557.633	    53.3333
44558.766	    52.9568
44559.875	    54.1028
44561.039	    51.5464
44562.172	    52.9568
44563.328	    51.9031
44564.461	    52.9568
44565.602	    52.5854
44566.711	    54.1028
44567.852	    52.5854
44568.961	    54.1028
44570.062	    54.4465
44571.195	    52.9568
44572.328	    52.9568
44573.445	    53.7153
44574.578	    52.9568
44575.688	    54.1028
44576.828	    52.5854
44577.953	    53.3333
44579.086	    52.9568
44580.219	    52.9568
44581.320	    54.4465
44582.445	    53.3333
44583.562	    53.7153
44584.664	    54.4465
44585.789	    53.3333
44586.898	    54.1028
44588.023	    53.3333
44589.148	    53.3333
44590.258	    54.1028
44591.391	    52.9568
44592.516	    53.3333
44593.633	    53.7153
44594.773	    52.5854
44595.906	    52.9568
44597.023	    53.7153
44598.156	    52.9568
44599.273	    53.7153
44600.406	    52.9568
44601.531	    53.3333
44602.641	    54.1028
44603.766	    53.3333
44604.883	    53.7153
44606.008	    53.3333
44607.133	    53.3333
44608.242	    54.1028
44609.375	    52.9568
44610.484	    54.1028
44611.617	    52.9568
44612.758	    52.5854
44613.867	    54.1028
44615.016	    52.2648
44616.141	    53.3333
44617.250	    54.1028
44618.383	    52.9568
44619.500	    53.7153
44620.633	    52.9568
44621.758	    53.3333
44622.867	    54.1028
44623.977	    54.1028
44625.070	    54.8446
44626.172	    54.4465
44627.273	    54.4465
44628.367	    54.8446
44629.469	    54.4465
44630.555	    55.2486
44631.664	    54.1028
44632.758	    54.8446
44633.883	    53.3333
44634.984	    54.4465
44636.078	    54.8446
44637.188	    54.1028
44638.281	    54.8446
44639.398	    53.7153
44640.500	    54.4465
44641.602	    54.4465
44642.711	    54.1028
44643.805	    54.8446
44644.898	    54.8446
44646.008	    54.1028
44647.094	    55.2486
44648.195	    54.4465
44649.273	    55.6586
44650.367	    54.8446
44651.477	    54.1028
44652.555	    55.6586
44653.672	    53.7153
44654.750	    55.6586
44655.844	    54.8446
44656.953	    54.1028
44658.039	    55.2486
44659.148	    54.1028
44660.250	    54.4465
44661.359	    54.1028
44662.477	    53.7153
44663.570	    54.8446
44664.680	    54.1028
44665.781	    54.4465
44666.891	    54.1028
44668.008	    53.7153
44669.117	    54.1028
44670.242	    53.3333
44671.336	    54.8446
44672.453	    53.7153
44673.578	    53.3333
44674.672	    54.8446
44675.797	    53.3333
44676.898	    54.4465
44678.016	    53.7153
44679.133	    53.7153
44680.234	    54.4465
44681.359	    53.3333
44682.461	    54.4465
44683.594	    52.9568
44684.719	    53.3333
44685.836	    53.7153
44686.961	    53.3333
44688.086	    53.3333
44689.188	    54.4465
44690.312	    53.3333
44691.406	    54.8446
44692.531	    53.3333
44693.617	    55.2486
44694.734	    53.7153
44695.844	    54.1028
44696.953	    54.1028
44698.070	    53.7153
44699.172	    54.4465
44700.297	    53.3333
44701.398	    54.4465
44702.523	    53.3333
44703.641	    53.7153
44704.758	    53.7153
44705.820	    56.4972
44706.914	    54.8446
44707.984	    56.0748
44709.078	    54.8446
44710.125	    57.3066
44711.188	    56.4972
44712.234	    57.3066
44713.281	    57.3066
44714.352	    56.0748
44715.430	    55.6586
44716.516	    55.2486
44717.617	    54.4465
44718.703	    55.2486
44719.820	    53.7153
44720.883	    56.4972
44722.000	    53.7153
44723.109	    54.1028
44724.141	    58.1959
44725.195	    56.8720
44726.203	    59.5238
44727.156	    62.9591
44728.188	    58.1959
44729.250	    56.4972
44730.203	    62.9591
44731.148	    63.4921
44732.102	    62.9591
44733.031	    64.5161
44733.961	    64.5161
44734.898	    63.9659
44735.891	    60.4839
44736.961	    56.0748
44737.977	    59.0551
44738.977	    60.0000
44740.031	    56.8720
44741.078	    57.3066
44742.133	    56.8720
44743.203	    56.0748
44744.250	    57.3066
44745.328	    55.6586
44746.430	    54.4465
44747.547	    53.7153
44748.648	    54.4465
44749.773	    53.3333
44750.883	    54.1028
44751.969	    55.2486
44753.086	    53.7153
44754.195	    54.1028
44755.344	    52.2648
44756.461	    53.7153
44757.617	    51.9031
44758.727	    54.1028
44759.844	    53.7153
44760.992	    52.2648
44762.125	    52.9568
44763.250	    53.3333
44764.406	    51.9031
44765.547	    52.5854
44766.695	    52.2648
44767.852	    51.9031
44768.984	    52.9568
44770.133	    52.2648
44771.281	    52.2648
44772.430	    52.2648
44773.570	    52.5854
44774.719	    52.2648
44775.875	    51.9031
44777.000	    53.3333
44778.156	    51.9031
44779.281	    53.3333
44780.430	    52.2648
44781.555	    53.3333
44782.719	    51.5464
44783.875	    51.9031
44785.008	    52.9568
44786.148	    52.5854
44787.297	    52.2648
44788.453	    51.9031
44789.594	    52.5854
44790.750	    51.9031
44791.906	    51.9031
44793.055	    52.2648
44794.219	    51.5464
44795.336	    53.7153
44796.484	    52.2648
44797.625	    52.5854
44798.758	    52.9568
44799.906	    52.2648
44801.023	    53.7153
44802.164	    52.5854
44803.281	    53.7153
44804.422	    52.5854
44805.539	    53.7153
44806.672	    52.9568
44807.820	    52.2648
44808.945	    53.3333
44810.109	    51.5464
44811.234	    53.3333
44812.383	    52.2648
44813.516	    52.9568
44814.641	    53.3333
44815.781	    52.5854
44816.906	    53.3333
44818.023	    53.7153
44819.156	    52.9568
44820.266	    54.1028
44821.391	    53.3333
44822.516	    53.3333
44823.641	    53.3333
44824.758	    53.7153
44825.891	    52.9568
44827.039	    52.2648
44828.148	    54.1028
44829.297	    52.2648
44830.406	    54.1028
44831.555	    52.2648
44832.672	    53.7153
44833.812	    52.5854
44834.938	    53.3333
44836.055	    53.7153
44837.195	    52.5854
44838.320	    53.3333
44839.453	    52.9568
44840.570	    53.7153
44841.703	    52.9568
44842.844	    52.5854
44843.961	    53.7153
44845.109	    52.2648
44846.242	    52.9568
44847.391	    52.2648
44848.531	    52.5854
44849.664	    52.9568
44850.805	    52.5854
44851.930	    53.3333
44853.070	    52.5854
44854.195	    53.3333
44855.336	    52.5854
44856.461	    53.3333
44857.594	    52.9568
44858.734	    52.5854
44859.844	    54.1028
44860.969	    53.3333
44862.078	    54.1028
44863.211	    52.9568
44864.320	    54.1028
44865.445	    53.3333
44866.555	    54.1028
44867.695	    52.5854
44868.812	    53.7153
44869.945	    52.9568
44871.070	    53.3333
44872.211	    52.5854
44873.344	    52.9568
44874.453	    54.1028
44875.578	    53.3333
44876.680	    54.4465
44877.789	    54.1028
44878.906	    53.7153
44879.977	    56.0748
44881.094	    53.7153
44882.180	    55.2486
44883.281	    54.4465
44884.391	    54.1028
44885.492	    54.4465
44886.609	    53.7153
44887.703	    54.8446
44888.820	    53.7153
44889.938	    53.7153
44891.031	    54.8446
44892.156	    53.3333
44893.258	    54.4465
44894.375	    53.7153
44895.453	    55.6586
44896.562	    54.1028
44897.672	    54.1028
44898.766	    54.8446
44899.891	    53.3333
44900.992	    54.4465
44902.125	    52.9568
44903.258	    52.9568
44904.375	    53.7153
44905.516	    52.5854
44906.609	    54.8446
44907.734	    53.3333
44908.859	    53.3333
44909.969	    54.1028
44911.102	    52.9568
44912.203	    54.4465
44913.328	    53.3333
44914.438	    54.1028
44915.562	    53.3333
44916.703	    52.5854
44917.820	    53.7153
44918.969	    52.2648
44920.102	    52.9568
44921.242	    52.5854
44922.367	    53.3333
44923.492	    53.3333
44924.633	    52.5854
44925.750	    53.7153
44926.883	    52.9568
44927.984	    54.4465
44929.133	    52.2648
44930.242	    54.1028
44931.383	    52.5854
44932.508	    53.3333
44933.656	    52.2648
44934.781	    53.3333
44935.914	    52.9568
44937.055	    52.5854
44938.164	    54.1028
44939.297	    52.9568
44940.414	    53.7153
44941.539	    53.3333
44942.664	    53.3333
44943.773	    54.1028
44944.898	    53.3333
44946.016	    53.7153
44947.156	    52.5854
44948.289	    52.9568
44949.422	    52.9568
44950.562	    52.5854
44951.680	    53.7153
44952.820	    52.5854
44953.930	    54.1028
44955.070	    52.5854
44956.172	    54.4465
44957.320	    52.2648
44958.438	    53.7153
44959.562	    53.3333
44960.680	    53.7153
44961.797	    53.7153
44962.930	    52.9568
44964.031	    54.4465
44965.180	    52.2648
44966.305	    53.3333
44967.422	    53.7153
44968.547	    53.3333
44969.656	    54.1028
44970.789	    52.9568
44971.898	    54.1028
44973.031	    52.9568
44974.148	    53.7153
44975.266	    53.7153
44976.398	    52.9568
44977.492	    54.8446
44978.625	    52.9568
44979.719	    54.8446
44980.836	    53.7153
44981.930	    54.8446
44983.062	    52.9568
44984.148	    55.2486
44985.258	    54.1028
44986.367	    54.1028
44987.445	    55.6586
44988.562	    53.7153
44989.656	    54.8446
44990.781	    53.3333
44991.898	    53.7153
44992.992	    54.8446
44994.094	    54.4465
44995.180	    55.2486
44996.289	    54.1028
44997.383	    54.8446
44998.477	    54.8446
44999.578	    54.4465
45000.664	    55.2486
45001.789	    53.3333
45002.883	    54.8446
45004.016	    52.9568
45005.141	    53.3333
45006.242	    54.4465
45007.352	    54.1028
45008.438	    55.2486
45009.562	    53.3333
45010.680	    53.7153
45011.773	    54.8446
45012.898	    53.3333
45013.992	    54.8446
45015.102	    54.1028
45016.195	    54.8446
45017.328	    52.9568
45018.422	    54.8446
45019.547	    53.3333
45020.633	    55.2486
45021.750	    53.7153
45022.859	    54.1028
45023.945	    55.2486
45025.078	    52.9568
45026.164	    55.2486
45027.281	    53.7153
45028.359	    55.6586
45029.445	    55.2486
45030.539	    54.8446
45031.617	    55.6586
45032.727	    54.1028
45033.812	    55.2486
45034.898	    55.2486
45036.000	    54.4465
45037.102	    54.4465
45038.227	    53.3333
45039.328	    54.4465
45040.445	    53.7153
45041.570	    53.3333
45042.680	    54.1028
45043.805	    53.3333
45044.906	    54.4465
45046.000	    54.8446
45047.109	    54.1028
45048.195	    55.2486
45049.305	    54.1028
45050.383	    55.6586
45051.500	    53.7153
45052.609	    54.1028
45053.695	    55.2486
45054.805	    54.1028
45055.898	    54.8446
45057.023	    53.3333
45058.133	    54.1028
45059.250	    53.7153
45060.367	    53.7153
45061.477	    54.1028
45062.609	    52.9568
45063.711	    54.4465
45064.836	    53.3333
45065.938	    54.4465
45067.086	    52.2648
45068.203	    53.7153
45069.312	    54.1028
45070.438	    53.3333
45071.531	    54.8446
45072.672	    52.5854
45073.797	    53.3333
45074.906	    54.1028
45076.023	    53.7153
45077.141	    53.7153
45078.266	    53.3333
45079.367	    54.4465
45080.516	    52.2648
45081.625	    54.1028
45082.734	    54.1028
45083.867	    52.9568
45084.969	    54.4465
45086.109	    52.5854
45087.211	    54.4465
45088.328	    53.7153
45089.430	    54.4465
45090.531	    54.4465
45091.656	    53.3333
45092.750	    54.8446
45093.891	    52.5854
45094.984	    54.8446
45096.109	    53.3333
45097.211	    54.4465
45098.320	    54.1028
45099.445	    53.3333
45100.516	    56.0748
45101.578	    56.4972
45102.695	    53.7153
45103.789	    54.8446
45104.859	    56.0748
45105.961	    54.4465
45107.062	    54.4465
45108.148	    55.2486
45109.234	    55.2486
45110.328	    54.8446
45111.438	    54.1028
45112.531	    54.8446
45113.633	    54.4465
45114.719	    55.2486
45115.844	    53.3333
45116.953	    54.1028
45118.047	    54.8446
45119.180	    52.9568
45120.297	    53.7153
45121.406	    54.1028
45122.516	    54.1028
45123.633	    53.7153
45124.734	    54.4465
45125.867	    52.9568
45126.984	    53.7153
45128.086	    54.4465
45129.195	    54.1028
45130.320	    53.3333
45131.438	    53.7153
45132.555	    53.7153
45133.648	    54.8446
45134.773	    53.3333
45135.875	    54.4465
45137.008	    52.9568
45138.141	    52.9568
45139.242	    54.4465
45140.359	    53.7153
45141.469	    54.1028
45142.594	    53.3333
45143.695	    54.4465
45144.828	    52.9568
45145.945	    53.7153
45147.055	    54.1028
45148.188	    52.9568
45149.305	    53.7153
45150.438	    52.9568
45151.539	    54.4465
45152.680	    52.5854
45153.805	    53.3333
45154.922	    53.7153
45156.055	    52.9568
45157.164	    54.1028
45158.305	    52.5854
45159.422	    53.7153
45160.570	    52.2648
45161.719	    52.2648
45162.836	    53.7153
45163.977	    52.5854
45165.094	    53.7153
45166.234	    52.5854
45167.344	    54.1028
45168.484	    52.5854
45169.633	    52.2648
45170.750	    53.7153
45171.883	    52.9568
45172.977	    54.8446
45174.133	    51.9031
45175.234	    54.4465
45176.367	    52.9568
45177.477	    54.1028
45178.570	    54.8446
45179.680	    54.1028
45180.766	    55.2486
45181.898	    52.9568
45182.992	    54.8446
45184.117	    53.3333
45185.219	    54.4465
45186.305	    55.2486
45187.406	    54.4465
45188.500	    54.8446
45189.617	    53.7153
45190.711	    54.8446
45191.836	    53.3333
45192.953	    53.7153
45194.039	    55.2486
45195.156	    53.7153
45196.227	    56.0748
45197.344	    53.7153
45198.438	    54.8446
45199.570	    52.9568
45200.695	    53.3333
45201.773	    55.6586
45202.906	    52.9568
45204.008	    54.4465
45205.148	    52.5854
45206.273	    53.3333
45207.367	    54.8446
45208.500	    52.9568
45209.586	    55.2486
45210.734	    52.2648
45211.852	    53.7153
45212.969	    53.7153
45214.094	    53.3333
45215.188	    54.8446
45216.336	    52.2648
45217.445	    54.1028
45218.539	    54.8446
45219.648	    54.1028
45220.734	    55.2486
45221.867	    52.9568
45222.977	    54.1028
45224.078	    54.4465
45225.203	    53.3333
45226.297	    54.8446
45227.438	    52.5854
45228.562	    53.3333
45229.664	    54.4465
45230.797	    52.9568
45231.906	    54.1028
45233.039	    52.9568
45234.180	    52.5854
45235.289	    54.1028
45236.375	    55.2486
45237.508	    52.9568
45238.617	    54.1028
45239.719	    54.4465
45240.836	    53.7153
45241.938	    54.4465
45243.078	    52.5854
45244.188	    54.1028
45245.305	    53.7153
45246.438	    52.9568
45247.547	    54.1028
45248.695	    52.2648
45249.805	    54.1028
45250.953	    52.2648
45252.062	    54.1028
45253.234	    51.1945
45254.352	    53.7153
45255.492	    52.5854
45256.625	    52.9568
45257.711	    55.2486
45258.844	    52.9568
45259.930	    55.2486
45261.047	    53.7153
45262.141	    54.8446
45263.273	    52.9568
45264.359	    55.2486
45265.492	    52.9568
45266.617	    53.3333
45267.711	    54.8446
45268.836	    53.3333
45269.930	    54.8446
45271.086	    51.9031
45272.195	    54.1028
45273.320	    53.3333
45274.438	    53.7153
45275.539	    54.4465
45276.656	    53.7153
45277.750	    54.8446
45278.883	    52.9568
45280.008	    53.3333
45281.117	    54.1028
45282.242	    53.3333
45283.336	    54.8446
45284.477	    52.5854
45285.594	    53.7153
45286.719	    53.3333
45287.852	    52.9568
45288.953	    54.4465
45290.070	    53.7153
45291.125	    56.8720
45292.250	    53.3333
45293.336	    55.2486
45294.461	    53.3333
45295.578	    53.7153
45296.664	    55.2486
45297.789	    53.3333
45298.891	    54.4465
45300.031	    52.5854
45301.141	    54.1028
45302.289	    52.2648
45303.430	    52.5854
45304.547	    53.7153
45305.680	    52.9568
45306.797	    53.7153
45307.930	    52.9568
45309.016	    55.2486
45310.156	    52.5854
45311.266	    54.1028
45312.375	    54.1028
45313.484	    54.1028
45314.562	    55.6586
45315.695	    52.9568
45316.781	    55.2486
45317.922	    52.5854
45319.023	    54.4465
45320.141	    53.7153
45321.258	    53.7153
45322.367	    54.1028
45323.492	    53.3333
45324.602	    54.1028
45325.742	    52.5854
45326.844	    54.4465
45327.977	    52.9568
45329.062	    55.2486
45330.219	    51.9031
45331.320	    54.4465
45332.477	    51.9031
45333.586	    54.1028
45334.703	    53.7153
45335.797	    54.8446
45336.922	    53.3333
45338.031	    54.1028
45339.133	    54.4465
45340.250	    53.7153
45341.359	    54.1028
45342.492	    52.9568
45343.586	    54.8446
45344.711	    53.3333
45345.805	    54.8446
45346.969	    51.5464
45348.078	    54.1028
45349.227	    52.2648
45350.344	    53.7153
45351.477	    52.9568
45352.594	    53.7153
45353.703	    54.1028
45354.844	    52.5854
45355.938	    54.8446
45357.062	    53.3333
45358.156	    54.8446
45359.312	    51.9031
45360.406	    54.8446
45361.523	    53.7153
45362.633	    54.1028
45363.734	    54.4465
45364.844	    54.1028
45365.961	    53.7153
45367.086	    53.3333
45368.188	    54.4465
45369.320	    52.9568
45370.406	    55.2486
45371.562	    51.9031
45372.688	    53.3333
45373.805	    53.7153
45374.930	    53.3333
45376.016	    55.2486
45377.164	    52.2648
45378.258	    54.8446
45379.406	    52.2648
45380.516	    54.1028
45381.625	    54.1028
45382.750	    53.3333
45383.859	    54.1028
45384.992	    52.9568
45386.109	    53.7153
45387.242	    52.9568
45388.367	    53.3333
45389.477	    54.1028
45390.609	    52.9568
45391.711	    54.4465
45392.875	    51.5464
45393.984	    54.1028
45395.141	    51.9031
45396.273	    52.9568
45397.398	    53.3333
45398.531	    52.9568
45399.656	    53.3333
45400.805	    52.2648
45401.930	    53.3333
45403.078	    52.2648
45404.195	    53.7153
45405.320	    53.3333
45406.438	    53.7153
45407.555	    53.7153
45408.680	    53.3333
45409.781	    54.4465
45410.922	    52.5854
45412.039	    53.7153
45413.180	    52.5854
45414.305	    53.3333
45415.422	    53.7153
45416.555	    52.9568
45417.664	    54.1028
45418.812	    52.2648
45419.938	    53.3333
45421.070	    52.9568
45422.227	    51.9031
45423.344	    53.7153
45424.492	    52.2648
45425.602	    54.1028
45426.773	    51.1945
45427.891	    53.7153
45429.055	    51.5464
45430.180	    53.3333
45431.297	    53.7153
45432.438	    52.5854
45433.547	    54.1028
45434.672	    53.3333
45435.789	    53.7153
45436.938	    52.2648
45438.039	    54.4465
45439.164	    53.3333
45440.258	    54.8446
45441.398	    52.5854
45442.508	    54.1028
45443.617	    54.1028
45444.727	    54.1028
45445.828	    54.4465
45446.961	    52.9568
45448.047	    55.2486
45449.195	    52.2648
45450.312	    53.7153
45451.469	    51.9031
45452.594	    53.3333
45453.727	    52.9568
45454.852	    53.3333
45455.969	    53.7153
45457.109	    52.5854
45458.203	    54.8446
45459.352	    52.2648
45460.461	    54.1028
45461.594	    52.9568
45462.695	    54.4465
45463.820	    53.3333
45464.953	    52.9568
45466.047	    54.8446
45467.180	    52.9568
45468.266	    55.2486
45469.430	    51.5464
45470.562	    52.9568
45471.672	    54.1028
45472.805	    52.9568
45473.906	    54.4465
45475.055	    52.2648
45476.172	    53.7153
45477.336	    51.5464
45478.453	    53.7153
45479.617	    51.5464
45480.750	    52.9568
45481.906	    51.9031
45483.031	    53.3333
45484.195	    51.5464
45485.320	    53.3333
45486.445	    53.3333
45487.594	    52.2648
45488.695	    54.4465
45489.844	    52.2648
45490.953	    54.1028
45492.117	    51.5464
45493.227	    54.1028
45494.375	    52.2648
45495.508	    52.9568
45496.625	    53.7153
45497.766	    52.5854
45498.867	    54.4465
45500.023	    51.9031
45501.148	    53.3333
45502.297	    52.2648
45503.430	    52.9568
45504.555	    53.3333
45505.703	    52.2648
45506.812	    54.1028
45507.961	    52.2648
45509.070	    54.1028
45510.227	    51.9031
45511.328	    54.4465
45512.508	    50.8475
45513.617	    54.1028
45514.742	    53.3333
45515.891	    52.2648
45516.992	    54.4465
45518.125	    52.9568
45519.234	    54.1028
45520.375	    52.5854
45521.492	    53.7153
45522.617	    53.3333
45523.750	    52.9568
45524.828	    55.6586
45525.977	    52.2648
45527.094	    53.7153
45528.219	    53.3333
45529.344	    53.3333
45530.430	    55.2486
45531.547	    53.7153
45532.641	    54.8446
45533.797	    51.9031
45534.922	    53.3333
45536.039	    53.7153
45537.172	    52.9568
45538.250	    55.6586
45539.398	    52.2648
45540.492	    54.8446
45541.609	    53.7153
45542.711	    54.4465
45543.781	    56.0748
45544.891	    54.1028
45545.953	    56.4972
45547.094	    52.5854
45548.172	    55.6586
45549.289	    53.7153
45550.367	    55.6586
45551.469	    54.4465
45552.570	    54.4465
45553.641	    56.0748
45554.773	    52.9568
45555.859	    55.2486
45556.953	    54.8446
45558.039	    55.2486
45559.117	    55.6586
45560.219	    54.4465
45561.289	    56.0748
45562.414	    53.3333
45563.508	    54.8446
45564.609	    54.4465
45565.711	    54.4465
45566.789	    55.6586
45567.930	    52.5854
45569.023	    54.8446
45570.156	    52.9568
45571.242	    55.2486
45572.391	    52.2648
45573.477	    55.2486
45574.625	    52.2648
45575.695	    56.0748
45576.828	    52.9568
45577.883	    56.8720
45579.016	    52.9568
45580.086	    56.0748
45581.219	    52.9568
45582.289	    56.0748
45583.398	    54.1028
45584.516	    53.7153
45585.609	    54.8446
45586.734	    53.3333
45587.820	    55.2486
45588.953	    52.9568
45590.047	    54.8446
45591.203	    51.9031
45592.320	    53.7153
45593.438	    53.7153
45594.539	    54.4465
45595.602	    56.4972
45596.727	    53.3333
45597.797	    56.0748
45598.945	    52.2648
45600.031	    55.2486
45601.148	    53.7153
45602.266	    53.7153
45603.359	    54.8446
45604.500	    52.5854
45605.602	    54.4465
45606.750	    52.2648
45607.883	    52.9568
45609.008	    53.3333
45610.141	    52.9568
45611.258	    53.7153
45612.391	    52.9568
45613.500	    54.1028
45614.641	    52.5854
45615.742	    54.4465
45616.898	    51.9031
45618.023	    53.3333
45619.148	    53.3333
45620.266	    53.7153
45621.383	    53.7153
45622.500	    53.7153
45623.602	    54.4465
45624.719	    53.7153
45625.805	    55.2486
45626.961	    51.9031
45628.078	    53.7153
45629.203	    53.3333
45630.320	    53.7153
45631.422	    54.4465
45632.555	    52.9568
45633.641	    55.2486
45634.797	    51.9031
45635.914	    53.7153
45637.055	    52.5854
45638.188	    52.9568
45639.289	    54.4465
45640.414	    53.3333
45641.500	    55.2486
45642.656	    51.9031
45643.750	    54.8446
45644.898	    52.2648
45646.031	    52.9568
45647.109	    55.6586
45648.227	    53.7153
45649.305	    55.6586
45650.438	    52.9568
45651.547	    54.1028
45652.656	    54.1028
45653.766	    54.1028
45654.859	    54.8446
45655.977	    53.7153
45657.062	    55.2486
45658.188	    53.3333
45659.266	    55.6586
45660.406	    52.5854
45661.500	    54.8446
45662.625	    53.3333
45663.727	    54.4465
45664.828	    54.4465
45665.953	    53.3333
45667.039	    55.2486
45668.195	    51.9031
45669.289	    54.8446
45670.438	    52.2648
45671.555	    53.7153
45672.711	    51.9031
45673.828	    53.7153
45674.961	    52.9568
45676.086	    53.3333
45677.195	    54.1028
45678.344	    52.2648
45679.445	    54.4465
45680.625	    50.8475
45681.734	    54.1028
45682.875	    52.5854
45684.000	    53.3333
45685.117	    53.7153
45686.250	    52.9568
45687.344	    54.8446
45688.484	    52.5854
45689.617	    52.9568
45690.711	    54.8446
45691.828	    53.7153
45692.906	    55.6586
45694.047	    52.5854
45695.172	    53.3333
45696.250	    55.6586
45697.359	    54.1028
45698.438	    55.6586
45699.586	    52.2648
45700.703	    53.7153
45701.805	    54.4465
45702.938	    52.9568
45704.047	    54.1028
45705.195	    52.2648
45706.328	    52.9568
45707.461	    52.9568
45708.602	    52.5854
45709.711	    54.1028
45710.852	    52.5854
45711.961	    54.1028
45713.125	    51.5464
45714.258	    52.9568
45715.367	    54.1028
45716.500	    52.9568
45717.602	    54.4465
45718.742	    52.5854
45719.852	    54.1028
45721.008	    51.9031
45722.125	    53.7153
45723.250	    53.3333
45724.383	    52.9568
45725.461	    55.6586
45726.625	    51.5464
45727.734	    54.1028
45728.883	    52.2648
45730.000	    53.7153
45731.117	    53.7153
45732.250	    52.9568
45733.336	    55.2486
45734.469	    52.9568
45735.570	    54.4465
45736.711	    52.5854
45737.828	    53.7153
45738.969	    52.5854
45740.094	    53.3333
45741.211	    53.7153
45742.352	    52.5854
45743.453	    54.4465
45744.594	    52.5854
45745.695	    54.4465
45746.859	    51.5464
45747.969	    54.1028
45749.125	    51.9031
45750.242	    53.7153
45751.398	    51.9031
45752.508	    54.1028
45753.641	    52.9568
45754.758	    53.7153
45755.875	    53.7153
45756.984	    54.1028
45758.102	    53.7153
45759.219	    53.7153
45760.328	    54.1028
45761.438	    54.1028
45762.547	    54.1028
45763.664	    53.7153
45764.734	    56.0748
45765.875	    52.5854
45766.961	    55.2486
45768.109	    52.2648
45769.211	    54.4465
45770.336	    53.3333
45771.445	    54.1028
45772.570	    53.3333
45773.703	    52.9568
45774.789	    55.2486
45775.930	    52.5854
45777.039	    54.1028
45778.172	    52.9568
45779.273	    54.4465
45780.414	    52.5854
45781.523	    54.1028
45782.648	    53.3333
45783.750	    54.4465
45784.844	    54.8446
45785.969	    53.3333
45787.086	    53.7153
45788.172	    55.2486
45789.273	    54.4465
45790.352	    55.6586
45791.500	    52.2648
45792.609	    54.1028
45793.734	    53.3333
45794.859	    53.3333
45795.945	    55.2486
45797.086	    52.5854
45798.180	    54.8446
45799.344	    51.5464
45800.484	    52.5854
45801.594	    54.1028
45802.742	    52.2648
45803.828	    55.2486
45804.992	    51.5464
45806.094	    54.4465
45807.242	    52.2648
45808.359	    53.7153
45809.484	    53.3333
45810.602	    53.7153
45811.711	    54.1028
45812.828	    53.7153
45813.898	    56.0748
45815.039	    52.5854
45816.133	    54.8446
45817.289	    51.9031
45818.398	    54.1028
45819.531	    52.9568
45820.656	    53.3333
45821.758	    54.4465
45822.883	    53.3333
45824.016	    52.9568
45825.102	    55.2486
45826.266	    51.5464
45827.398	    52.9568
45828.492	    54.8446
45829.625	    52.9568
45830.719	    54.8446
45831.844	    53.3333
45832.938	    54.8446
45834.070	    52.9568
45835.188	    53.7153
45836.320	    52.9568
45837.414	    54.8446
45838.562	    52.2648
45839.664	    54.4465
45840.797	    52.9568
45841.898	    54.4465
45843.070	    51.1945
45844.188	    53.7153
45845.297	    54.1028
45846.414	    53.7153
45847.500	    55.2486
45848.617	    53.7153
45849.695	    55.6586
45850.844	    52.2648
45851.953	    54.1028
45853.094	    52.5854
45854.195	    54.4465
45855.320	    53.3333
45856.453	    52.9568
45857.555	    54.4465
45858.695	    52.5854
45859.797	    54.4465
45860.922	    53.3333
45862.016	    54.8446
45863.156	    52.5854
45864.258	    54.4465
45865.367	    54.1028
45866.484	    53.7153
45867.578	    54.8446
45868.711	    52.9568
45869.820	    54.1028
45870.930	    54.1028
45872.039	    54.1028
45873.141	    54.4465
45874.258	    53.7153
45875.320	    56.4972
45876.453	    52.9568
45877.555	    54.4465
45878.688	    52.9568
45879.797	    54.1028
45880.938	    52.5854
45882.047	    54.1028
45883.164	    53.7153
45884.289	    53.3333
45885.375	    55.2486
45886.500	    53.3333
45887.578	    55.6586
45888.734	    51.9031
45889.836	    54.4465
45891.008	    51.1945
45892.141	    52.9568
45893.258	    53.7153
45894.391	    52.9568
45895.492	    54.4465
45896.656	    51.5464
45897.781	    53.3333
45898.930	    52.2648
45900.055	    53.3333
45901.195	    52.5854
45902.328	    52.9568
45903.438	    54.1028
45904.586	    52.2648
45905.688	    54.4465
45906.844	    51.9031
45907.977	    52.9568
45909.102	    53.3333
45910.234	    52.9568
45911.352	    53.7153
45912.492	    52.5854
45913.586	    54.8446
45914.758	    51.1945
45915.867	    54.1028
45917.016	    52.2648
45918.125	    54.1028
45919.258	    52.9568
45920.359	    54.4465
45921.484	    53.3333
45922.586	    54.4465
45923.703	    53.7153
45924.836	    52.9568
45925.922	    55.2486
45927.047	    53.3333
45928.133	    55.2486
45929.266	    52.9568
45930.367	    54.4465
45931.531	    51.5464
45932.633	    54.4465
45933.750	    53.7153
45934.867	    53.7153
45935.945	    55.6586
45937.086	    52.5854
45938.164	    55.6586
45939.305	    52.5854
45940.406	    54.4465
45941.516	    54.1028
45942.633	    53.7153
45943.719	    55.2486
45944.844	    53.3333
45945.930	    55.2486
45947.078	    52.2648
45948.188	    54.1028
45949.344	    51.9031
45950.461	    53.7153
45951.586	    53.3333
45952.711	    53.3333
45953.820	    54.1028
45954.938	    53.7153
45956.047	    54.1028
45957.172	    53.3333
45958.266	    54.8446
45959.391	    53.3333
45960.484	    54.8446
45961.625	    52.5854
45962.695	    56.0748
45963.852	    51.9031
45964.945	    54.8446
45966.086	    52.5854
45967.180	    54.8446
45968.289	    54.1028
45969.391	    54.4465
45970.492	    54.4465
45971.609	    53.7153
45972.680	    56.0748
45973.820	    52.5854
45974.906	    55.2486
45976.023	    53.7153
45977.117	    54.8446
45978.219	    54.4465
45979.328	    54.1028
45980.414	    55.2486
45981.539	    53.3333
45982.641	    54.4465
45983.805	    51.5464
45984.906	    54.4465
45986.016	    54.1028
45987.125	    54.1028
45988.195	    56.0748
45989.328	    52.9568
45990.422	    54.8446
45991.547	    53.3333
45992.648	    54.4465
45993.742	    54.8446
45994.844	    54.4465
45995.938	    54.8446
45997.055	    53.7153
45998.148	    54.8446
45999.289	    52.5854
46000.398	    54.1028
46001.523	    53.3333
46002.641	    53.7153
46003.719	    55.6586
46004.844	    53.3333
46005.930	    55.2486
46007.078	    52.2648
46008.172	    54.8446
46009.320	    52.2648
46010.430	    54.1028
46011.555	    53.3333
46012.672	    53.7153
46013.797	    53.3333
46014.930	    52.9568
46016.031	    54.4465
46017.164	    52.9568
46018.250	    55.2486
46019.383	    52.9568
46020.461	    55.6586
46021.625	    51.5464
46022.727	    54.4465
46023.867	    52.5854
46024.969	    54.4465
46026.062	    54.8446
46027.156	    54.8446
46028.234	    55.6586
46029.336	    54.4465
46030.406	    56.0748
46031.531	    53.3333
46032.625	    54.8446
46033.742	    53.7153
46034.852	    54.1028
46035.969	    53.7153
46037.086	    53.7153
46038.219	    52.9568
46039.352	    52.9568
46040.453	    54.4465
46041.586	    52.9568
46042.711	    53.3333
46043.844	    52.9568
46044.945	    54.4465
46046.070	    53.3333
46047.156	    55.2486
46048.289	    52.9568
46049.383	    54.8446
46050.516	    52.9568
46051.625	    54.1028
46052.711	    55.2486
46053.836	    53.3333
46054.922	    55.2486
46056.070	    52.2648
46057.180	    54.1028
46058.297	    53.7153
46059.414	    53.7153
46060.516	    54.4465
46061.641	    53.3333
46062.711	    56.0748
46063.844	    52.9568
46064.945	    54.4465
46066.070	    53.3333
46067.148	    55.6586
46068.289	    52.5854
46069.406	    53.7153
46070.516	    54.1028
46071.641	    53.3333
46072.750	    54.1028
46073.914	    51.5464
46075.039	    53.3333
46076.164	    53.3333
46077.289	    53.3333
46078.398	    54.1028
46079.523	    53.3333
46080.602	    55.6586
46081.758	    51.9031
46082.867	    54.1028
46083.992	    53.3333
46085.125	    52.9568
46086.219	    54.8446
46087.352	    52.9568
46088.453	    54.4465
46089.617	    51.5464
46090.727	    54.1028
46091.859	    52.9568
46092.984	    53.3333
46094.086	    54.4465
46095.211	    53.3333
46096.312	    54.4465
46097.461	    52.2648
46098.578	    53.7153
46099.680	    54.4465
46100.797	    53.7153
46101.891	    54.8446
46103.008	    53.7153
46104.102	    54.8446
46105.219	    53.7153
46106.336	    53.7153
46107.445	    54.1028
46108.578	    52.9568
46109.672	    54.8446
46110.797	    53.3333
46111.883	    55.2486
46113.031	    52.2648
46114.148	    53.7153
46115.242	    54.8446
46116.359	    53.7153
46117.430	    56.0748
46118.555	    53.3333
46119.641	    55.2486
46120.742	    54.4465
46121.836	    54.8446
46122.891	    56.8720
46124.008	    53.7153
46125.086	    55.6586
46126.203	    53.7153
46127.289	    55.2486
46128.375	    55.2486
46129.477	    54.4465
46130.539	    56.4972
46131.664	    53.3333
46132.719	    56.8720
46133.867	    52.2648
46134.961	    54.8446
46136.086	    53.3333
46137.195	    54.1028
46138.305	    54.1028
46139.414	    54.1028
46140.523	    54.1028
46141.656	    52.9568
46142.742	    55.2486
46143.859	    53.7153
46144.938	    55.6586
46146.062	    53.3333
46147.156	    54.8446
46148.242	    55.2486
46149.344	    54.4465
46150.422	    55.6586
46151.555	    52.9568
46152.641	    55.2486
46153.758	    53.7153
46154.844	    55.2486
46155.945	    54.4465
46157.047	    54.4465
46158.117	    56.0748
46159.227	    54.1028
46160.289	    56.4972
46161.422	    52.9568
46162.500	    55.6586
46163.625	    53.3333
46164.711	    55.2486
46165.797	    55.2486
46166.891	    54.8446
46167.938	    57.3066
46169.031	    54.8446
46170.125	    54.8446
46171.227	    54.4465
46172.312	    55.2486
46173.422	    54.1028
46174.508	    55.2486
46175.625	    53.7153
46176.711	    55.2486
46177.859	    52.2648
46178.945	    55.2486
46180.102	    51.9031
46181.195	    54.8446
46182.336	    52.5854
46183.445	    54.1028
46184.555	    54.1028
46185.688	    52.9568
46186.781	    54.8446
46187.922	    52.5854
46189.031	    54.1028
46190.172	    52.5854
46191.273	    54.4465
46192.383	    54.1028
46193.477	    54.8446
46194.562	    55.2486
46195.680	    53.7153
46196.750	    56.0748
46197.906	    51.9031
46198.984	    55.6586
46200.133	    52.2648
46201.219	    55.2486
46202.320	    54.4465
46203.398	    55.6586
46204.492	    54.8446
46205.578	    55.2486
46206.664	    55.2486
46207.742	    55.6586
46208.820	    55.6586
46209.922	    54.4465
46210.977	    56.8720
46212.070	    54.8446
46213.148	    55.6586
46214.219	    56.0748
46215.320	    54.4465
46216.383	    56.4972
46217.492	    54.1028
46218.570	    55.6586
46219.688	    53.7153
46220.781	    54.8446
46221.859	    55.6586
46222.953	    54.8446
46224.023	    56.0748
46225.109	    55.2486
46226.203	    54.8446
46227.258	    56.8720
46228.391	    52.9568
46229.477	    55.2486
46230.586	    54.1028
46231.695	    54.1028
46232.766	    56.0748
46233.875	    54.1028
46234.938	    56.4972
46236.078	    52.5854
46237.156	    55.6586
46238.297	    52.5854
46239.391	    54.8446
46240.500	    54.1028
46241.594	    54.8446
46242.711	    53.7153
46243.820	    54.1028
46244.914	    54.8446
46246.039	    53.3333
46247.141	    54.4465
46248.281	    52.5854
46249.375	    54.8446
46250.547	    51.1945
46251.641	    54.8446
46252.781	    52.5854
46253.906	    53.3333
46254.992	    55.2486
46256.102	    54.1028
46257.180	    55.6586
46258.312	    52.9568
46259.422	    54.1028
46260.516	    54.8446
46261.633	    53.7153
46262.719	    55.2486
46263.867	    52.2648
46264.969	    54.4465
46266.086	    53.7153
46267.203	    53.7153
46268.273	    56.0748
46269.414	    52.5854
46270.516	    54.4465
46271.617	    54.4465
46272.742	    53.3333
46273.836	    54.8446
46274.961	    53.3333
46276.047	    55.2486
46277.180	    52.9568
46278.281	    54.4465
46279.367	    55.2486
46280.492	    53.3333
46281.570	    55.6586
46282.703	    52.9568
46283.797	    54.8446
46284.961	    51.5464
46286.062	    54.4465
46287.195	    52.9568
46288.312	    53.7153
46289.430	    53.7153
46290.555	    53.3333
46291.672	    53.7153
46292.805	    52.9568
46293.906	    54.4465
46295.062	    51.9031
46296.188	    53.3333
46297.312	    53.3333
46298.445	    52.9568
46299.539	    54.8446
46300.672	    52.9568
46301.773	    54.4465
46302.906	    52.9568
46304.023	    53.7153
46305.133	    54.1028
46306.266	    52.9568
46307.352	    55.2486
46308.508	    51.9031
46309.609	    54.4465
46310.766	    51.9031
46311.898	    52.9568
46313.023	    53.3333
46314.148	    53.3333
46315.234	    55.2486
46316.391	    51.9031
46317.516	    53.3333
46318.633	    53.7153
46319.766	    52.9568
46320.859	    54.8446
46322.016	    51.9031
46323.094	    55.6586
46324.203	    54.1028
46325.297	    54.8446
46326.383	    55.2486
46327.461	    55.6586
46328.578	    53.7153
46329.656	    55.6586
46330.789	    52.9568
46331.891	    54.4465
46333.023	    52.9568
46334.125	    54.4465
46335.234	    54.1028
46336.352	    53.7153
46337.477	    53.3333
46338.602	    53.3333
46339.703	    54.4465
46340.859	    51.9031
46341.984	    53.3333
46343.094	    54.1028
46344.219	    53.3333
46345.297	    55.6586
46346.438	    52.5854
46347.547	    54.1028
46348.641	    54.8446
46349.750	    54.1028
46350.828	    55.6586
46351.945	    53.7153
46353.039	    54.8446
46354.172	    52.9568
46355.281	    54.1028
46356.422	    52.5854
46357.531	    54.1028
46358.672	    52.5854
46359.789	    53.7153
46360.930	    52.5854
46362.047	    53.7153
46363.195	    52.2648
46364.344	    52.2648
46365.461	    53.7153
46366.609	    52.2648
46367.711	    54.4465
46368.875	    51.5464
46369.984	    54.1028
46371.141	    51.9031
46372.266	    53.3333
46373.367	    54.4465
46374.492	    53.3333
46375.586	    54.8446
46376.734	    52.2648
46377.852	    53.7153
46378.969	    53.7153
46380.109	    52.5854
46381.219	    54.1028
46382.367	    52.2648
46383.477	    54.1028
46384.617	    52.5854
46385.734	    53.7153
46386.828	    54.8446
46387.953	    53.3333
46389.023	    56.0748
46390.188	    51.5464
46391.289	    54.4465
46392.414	    53.3333
46393.539	    53.3333
46394.617	    55.6586
46395.750	    52.9568
46396.852	    54.4465
46397.953	    54.4465
46399.047	    54.8446
46400.156	    54.1028
46401.273	    53.7153
46402.375	    54.4465
46403.516	    52.5854
46404.609	    54.8446
46405.758	    52.2648
46406.875	    53.7153
46408.008	    52.9568
46409.148	    52.5854
46410.258	    54.1028
46411.406	    52.2648
46412.523	    53.7153
46413.672	    52.2648
46414.773	    54.4465
46415.938	    51.5464
46417.070	    52.9568
46418.156	    55.2486
46419.312	    51.9031
46420.406	    54.8446
46421.555	    52.2648
46422.672	    53.7153
46423.789	    53.7153
46424.922	    52.9568
46426.031	    54.1028
46427.180	    52.2648
46428.281	    54.4465
46429.406	    53.3333
46430.523	    53.7153
46431.586	    56.4972
46432.727	    52.5854
46433.812	    55.2486
46434.883	    56.0748
46435.992	    54.1028
46437.070	    55.6586
46438.211	    52.5854
46439.289	    55.6586
46440.422	    52.9568
46441.547	    53.3333
46442.633	    55.2486
46443.766	    52.9568
46444.852	    55.2486
46446.000	    52.2648
46447.094	    54.8446
46448.227	    52.9568
46449.336	    54.1028
46450.430	    54.8446
46451.547	    53.7153
46452.625	    55.6586
46453.773	    52.2648
46454.883	    54.1028
46455.992	    54.1028
46457.102	    54.1028
46458.180	    55.6586
46459.305	    53.3333
46460.414	    54.1028
46461.500	    55.2486
46462.609	    54.1028
46463.664	    56.8720
46464.797	    52.9568
46465.898	    54.4465
46466.984	    55.2486
46468.086	    54.4465
46469.164	    55.6586
46470.289	    53.3333
46471.375	    55.2486
46472.469	    54.8446
46473.555	    55.2486
46474.648	    54.8446
46475.758	    54.1028
46476.820	    56.4972
46477.969	    52.2648
46479.062	    54.8446
46480.188	    53.3333
46481.297	    54.1028
46482.398	    54.4465
46483.508	    54.1028
46484.586	    55.6586
46485.703	    53.7153
46486.781	    55.6586
46487.867	    55.2486
46488.953	    55.2486
46490.016	    56.4972
46491.148	    52.9568
46492.250	    54.4465
46493.336	    55.2486
46494.445	    54.1028
46495.523	    55.6586
46496.664	    52.5854
46497.773	    54.1028
46498.875	    54.4465
46499.984	    54.1028
46501.047	    56.4972
46502.164	    53.7153
46503.219	    56.8720
46504.305	    55.2486
46505.328	    58.6510
46506.398	    56.0748
46507.422	    58.6510
46508.430	    59.5238
46509.406	    61.4125
46510.352	    63.4921
46511.297	    63.4921
46512.234	    63.9659
46513.141	    66.2252
46514.078	    63.9659
46515.008	    64.5161
46516.000	    60.4839
46517.047	    57.3066
46518.086	    57.7478
46519.125	    57.7478
46520.109	    60.9756
46521.141	    58.1959
46522.180	    57.7478
46523.227	    57.3066
46524.289	    56.4972
46525.398	    54.1028
46526.508	    54.1028
46527.617	    54.1028
46528.758	    52.5854
46529.859	    54.4465
46531.000	    52.5854
46532.156	    51.9031
46533.242	    55.2486
46534.398	    51.9031
46535.547	    52.2648
46536.695	    52.2648
46537.875	    50.8475
46539.008	    52.9568
46540.203	    50.2092
46541.367	    51.5464
46542.531	    51.5464
46543.719	    50.5051
46544.867	    52.2648
46546.062	    50.2092
46547.227	    51.5464
46548.414	    50.5051
46549.578	    51.5464
46550.758	    50.8475
46551.945	    50.5051
46553.086	    52.5854
46554.289	    49.8753
46555.438	    52.2648
46556.641	    49.8753
46557.820	    50.8475
46559.023	    49.8753
46560.188	    51.5464
46561.383	    50.2092
46562.562	    50.8475
46563.766	    49.8753
46564.961	    50.2092
46566.141	    50.8475
46567.312	    51.1945
46568.492	    50.8475
46569.664	    51.1945
46570.836	    51.1945
46571.992	    51.9031
46573.156	    51.5464
46574.328	    51.1945
46575.508	    50.8475
46576.664	    51.9031
46577.836	    51.1945
46579.000	    51.5464
46580.172	    51.1945
46581.336	    51.5464
46582.492	    51.9031
46583.633	    52.5854
46584.797	    51.5464
46585.945	    52.2648
46587.102	    51.9031
46588.258	    51.9031
46589.398	    52.5854
46590.555	    51.9031
46591.695	    52.5854
46592.852	    51.9031
46594.000	    52.2648
46595.133	    52.9568
46596.297	    51.5464
46597.438	    52.5854
46598.602	    51.5464
46599.758	    51.9031
46600.898	    52.5854
46602.070	    51.1945
46603.211	    52.5854
46604.375	    51.5464
46605.516	    52.5854
46606.688	    51.1945
46607.820	    52.9568
46608.984	    51.5464
46610.117	    52.9568
46611.281	    51.5464
46612.414	    52.9568
46613.578	    51.5464
46614.734	    51.9031
46615.867	    52.9568
46617.031	    51.5464
46618.148	    53.7153
46619.305	    51.9031
46620.438	    52.9568
46621.578	    52.5854
46622.711	    52.9568
46623.852	    52.5854
46625.000	    52.2648
46626.125	    53.3333
46627.266	    52.5854
46628.414	    52.2648
46629.555	    52.5854
46630.695	    52.5854
46631.844	    52.2648
46632.984	    52.5854
46634.125	    52.5854
46635.273	    52.2648
46636.398	    53.3333
46637.547	    52.2648
46638.680	    52.9568
46639.828	    52.2648
46640.945	    53.7153
46642.094	    52.2648
46643.242	    52.2648
46644.352	    54.1028
46645.477	    53.3333
46646.570	    54.8446
46647.695	    53.3333
46648.812	    53.7153
46649.906	    54.8446
46651.039	    52.9568
46652.156	    53.7153
46653.258	    54.4465
46654.383	    53.3333
46655.500	    53.7153
46656.609	    54.1028
46657.727	    53.7153
46658.820	    54.8446
46659.930	    54.1028
46661.039	    54.1028
46662.102	    56.4972
46663.188	    55.2486
46664.227	    57.7478
46665.289	    56.4972
46666.328	    57.7478
46667.359	    58.1959
46668.383	    58.6510
46669.414	    58.1959
46670.430	    59.0551
46671.500	    56.0748
46672.539	    57.7478
46673.273	    81.7439
46674.406	    52.9568
46675.086	    88.2353
46675.711	    96.0000
46676.812	    54.4465
46677.758	    63.4921
46678.688	    64.5161
46679.648	    62.4350
46680.562	    65.6455
46681.492	    64.5161
46682.406	    65.6455
46683.312	    66.2252
46684.211	    66.8151
46685.109	    66.8151
46686.023	    65.6455
46686.984	    62.4350
46688.023	    57.7478
46689.000	    61.4125
46689.961	    62.4350
46690.953	    60.4839
46691.953	    60.0000
46693.000	    57.3066
46694.039	    57.7478
46695.055	    59.0551
46696.117	    56.4972
46697.203	    55.2486
46698.273	    56.0748
46699.344	    56.0748
46700.375	    58.1959
46701.445	    56.0748
46702.492	    57.3066
46703.570	    55.6586
46704.609	    57.7478
46705.672	    56.4972
46706.727	    56.8720
46707.773	    57.3066
46708.836	    56.4972
46709.898	    56.4972
46710.977	    55.6586
46712.055	    55.6586
46713.133	    55.6586
46714.219	    55.2486
46715.281	    56.4972
46716.406	    53.3333
46717.547	    52.5854
46718.664	    53.7153
46719.773	    54.1028
46720.891	    53.7153
46722.031	    52.5854
46723.148	    53.7153
46724.281	    52.9568
46725.414	    52.9568
46726.570	    51.9031
46727.727	    51.9031
46728.867	    52.5854
46730.031	    51.5464
46731.180	    52.2648
46732.352	    51.1945
46733.500	    52.2648
46734.680	    50.8475
46735.844	    51.5464
46737.023	    50.8475
46738.188	    51.5464
46739.383	    50.2092
46740.555	    51.1945
46741.734	    50.8475
46742.891	    51.9031
46744.086	    50.2092
46745.250	    51.5464
46746.445	    50.2092
46747.602	    51.9031
46748.797	    50.2092
46749.961	    51.5464
46751.172	    49.5458
46752.328	    51.9031
46753.523	    50.2092
46754.703	    50.8475
46755.906	    49.8753
46757.078	    51.1945
46758.266	    50.5051
46759.445	    50.8475
46760.594	    52.2648
46761.781	    50.5051
46762.914	    52.9568
46764.078	    51.5464
46765.211	    52.9568
46766.328	    53.7153
46767.430	    54.4465
46768.547	    53.7153
46769.688	    52.5854
46770.812	    53.3333
46771.977	    51.5464
46773.125	    52.2648
46774.258	    52.9568
46775.414	    51.9031
46776.555	    52.5854
46777.711	    51.9031
46778.844	    52.9568
46779.984	    52.5854
46781.133	    52.2648
46782.281	    52.2648
46783.430	    52.2648
46784.570	    52.5854
46785.703	    52.9568
46786.852	    52.2648
46787.992	    52.5854
46789.156	    51.5464
46790.305	    52.2648
46791.469	    51.5464
46792.609	    52.5854
46793.781	    51.1945
46794.922	    52.5854
46796.094	    51.1945
46797.227	    52.9568
46798.383	    51.9031
46799.508	    53.3333
46800.656	    52.2648
46801.773	    53.7153
46802.914	    52.5854
46804.023	    54.1028
46805.164	    52.5854
46806.297	    52.9568
46807.398	    54.4465
46808.523	    53.3333
46809.633	    54.1028
46810.742	    54.1028
46811.852	    54.1028
46812.961	    54.1028
46814.086	    53.3333
46815.203	    53.7153
46816.312	    54.1028
46817.414	    54.4465
46818.523	    54.1028
46819.648	    53.3333
46820.766	    53.7153
46821.891	    53.3333
46823.008	    53.7153
46824.125	    53.7153
46825.242	    53.7153
46826.344	    54.4465
46827.492	    52.2648
46828.609	    53.7153
46829.750	    52.5854
46830.859	    54.1028
46831.984	    53.3333
46833.094	    54.1028
46834.188	    54.8446
46835.305	    53.7153
46836.414	    54.1028
46837.508	    54.8446
46838.570	    56.4972
46839.633	    56.4972
46840.688	    56.8720
46841.750	    56.4972
46842.812	    56.4972
46843.875	    56.4972
46844.914	    57.7478
46845.992	    55.6586
46847.062	    56.0748
46848.164	    54.4465
46849.273	    54.1028
46850.359	    55.2486
46851.484	    53.3333
46852.586	    54.4465
46853.711	    53.3333
46854.812	    54.4465
46855.930	    53.7153
46857.055	    53.3333
46858.148	    54.8446
46859.266	    53.7153
46860.375	    54.1028
46861.492	    53.7153
46862.602	    54.1028
46863.719	    53.7153
46864.836	    53.7153
46865.938	    54.4465
46867.086	    52.2648
46868.203	    53.7153
46869.305	    54.4465
46870.406	    54.4465
46871.531	    53.3333
46872.641	    54.1028
46873.766	    53.3333
46874.859	    54.8446
46875.992	    52.9568
46877.102	    54.1028
46878.227	    53.3333
46879.344	    53.7153
46880.461	    53.7153
46881.578	    53.7153
46882.695	    53.7153
46883.805	    54.1028
46884.914	    54.1028
46886.008	    54.8446
46887.133	    53.3333
46888.227	    54.8446
46889.359	    52.9568
46890.469	    54.1028
46891.570	    54.4465
46892.680	    54.1028
46893.758	    55.6586
46894.883	    53.3333
46896.000	    53.7153
46897.117	    53.7153
46898.219	    54.4465
46899.320	    54.4465
46900.445	    53.3333
46901.547	    54.4465
46902.672	    53.3333
46903.789	    53.7153
46904.914	    53.3333
46906.023	    54.1028
46907.156	    52.9568
46908.281	    53.3333
46909.406	    53.3333
46910.531	    53.3333
46911.656	    53.3333
46912.805	    52.2648
46913.922	    53.7153
46915.055	    52.9568
46916.180	    53.3333
46917.312	    52.9568
46918.453	    52.5854
46919.570	    53.7153
46920.695	    53.3333
46921.812	    53.7153
46922.945	    52.9568
46924.062	    53.7153
46925.203	    52.5854
46926.328	    53.3333
46927.445	    53.7153
46928.578	    52.9568
46929.688	    54.1028
46930.805	    53.7153
46931.930	    53.3333
46933.039	    54.1028
46934.156	    53.7153
46935.250	    54.8446
46936.359	    54.1028
46937.453	    54.8446
