1.116	    90.9091
1.776	    88.7574
2.452	    86.2069
3.148	    87.7193
3.832	    87.7193
4.516	    86.2069
5.212	    82.8729
5.936	    82.4176
6.664	    85.7143
7.364	    84.7458
8.072	    83.3333
8.792	    84.2697
9.504	    84.2697
10.216	    85.7143
10.916	    85.7143
11.616	    83.7989
12.332	    84.7458
13.040	    85.2273
13.744	    87.2093
14.432	    86.7052
15.124	    84.2697
15.836	    81.9672
16.568	    82.4176
17.296	    83.3333
18.016	    87.7193
18.700	    85.7143
19.400	    87.2093
20.088	    86.7052
20.780	    81.5217
21.516	    79.7872
22.268	    80.2139
23.016	    83.7989
23.732	    87.7193
24.416	    84.7458
25.124	    82.4176
25.852	    79.7872
26.604	    77.7202
27.376	    78.9474
28.136	    76.9231
28.916	    76.9231
29.696	    76.9231
30.476	    75.7576
31.268	    75.7576
32.060	    76.1421
32.848	    76.5306
33.632	    78.1250
34.400	    80.6452
35.144	    78.5340
35.908	    74.2574
36.716	    71.0900
37.560	    67.8733
38.444	    68.4931
39.320	    67.5676
40.208	    70.4225
41.060	    74.6269
41.864	    73.8916
42.676	    72.1154
43.508	    75.3769
44.304	    76.1421
45.092	    76.9231
45.872	    82.4176
46.600	    86.7052
47.292	    79.7872
48.044	    76.1421
48.832	    75.0000
49.632	    74.2574
50.440	    76.1421
51.228	    75.3769
52.024	    75.7576
52.816	    76.5306
53.600	    76.5306
54.384	    76.9231
55.164	    78.1250
55.932	    77.3196
56.708	    82.4176
57.436	    85.2273
58.140	    81.0811
58.880	    83.7989
59.596	    82.4176
60.324	    76.9231
61.104	    75.0000
61.904	    72.1154
62.736	    71.0900
63.580	    72.8155
64.404	    74.6269
65.208	    76.9231
65.988	    81.9672
66.720	    81.0811
67.460	    80.2139
68.208	    80.6452
68.952	    82.8729
69.676	    78.1250
70.444	    74.2574
71.252	    71.4286
72.092	    71.7703
72.928	    71.7703
73.764	    70.7547
74.612	    68.8073
75.484	    68.1818
76.364	    67.5676
77.252	    69.7674
78.112	    70.7547
78.960	    70.4225
79.812	    74.2574
80.620	    78.5340
81.384	    73.8916
82.196	    72.4638
83.024	    68.8073
83.896	    68.8073
84.768	    68.4931
85.644	    70.0935
86.500	    70.0935
87.356	    70.7547
88.204	    70.4225
89.056	    70.7547
89.904	    71.0900
90.748	    78.1250
91.516	    86.2069
92.212	    82.4176
92.940	    79.3651
93.696	    81.9672
94.428	    80.6452
95.172	    78.1250
95.940	    75.3769
96.736	    76.5306
97.520	    78.1250
98.288	    70.4225
99.140	    68.4931
100.016	    71.0900
100.860	    70.4225
101.712	    69.7674
102.572	    72.8155
103.396	    76.1421
104.184	    73.1707
105.004	    72.8155
105.828	    73.8916
106.640	    78.5340
107.404	    73.1707
108.224	    73.1707
109.044	    79.3651
109.800	    84.2697
110.512	    86.7052
111.204	    80.6452
111.948	    78.9474
112.708	    75.7576
113.500	    75.0000
114.300	    73.5294
115.116	    73.5294
115.932	    78.9474
116.692	    80.6452
117.436	    73.8916
118.248	    73.1707
119.068	    71.7703
119.904	    72.1154
120.736	    75.0000
121.536	    72.4638
122.364	    74.6269
123.168	    74.6269
123.972	    72.8155
124.796	    77.3196
125.572	    81.0811
126.312	    77.3196
127.088	    75.7576
127.880	    78.9474
128.640	    83.7989
129.356	    78.9474
130.116	    77.3196
130.892	    79.3651
131.648	    76.5306
132.432	    72.4638
133.260	    73.5294
134.076	    74.6269
134.880	    70.7547
135.728	    71.4286
136.568	    74.2574
137.376	    74.6269
138.180	    75.3769
138.976	    76.5306
139.760	    78.1250
140.528	    78.5340
141.292	    82.8729
142.016	    84.7458
142.724	    80.6452
143.468	    78.1250
144.236	    75.7576
145.028	    73.5294
145.844	    72.8155
146.668	    78.1250
147.436	    80.6452
148.180	    79.7872
148.932	    87.7193
149.616	    86.2069
150.312	    81.0811
151.052	    79.3651
151.808	    77.3196
152.584	    78.9474
153.344	    74.6269
154.148	    73.5294
154.964	    73.1707
155.784	    72.8155
156.608	    80.2139
157.356	    81.9672
158.088	    84.2697
158.800	    84.7458
159.508	    87.2093
160.196	    89.2857
160.868	    88.2353
161.548	    89.2857
162.220	    86.2069
162.916	    82.8729
163.640	    78.5340
164.404	    78.1250
165.172	    77.7202
165.944	    77.3196
166.720	    78.1250
167.488	    77.7202
168.260	    78.9474
169.020	    78.9474
169.780	    80.2139
170.528	    79.3651
171.284	    80.6452
172.028	    80.2139
172.776	    85.2273
173.480	    84.7458
174.188	    82.8729
174.912	    80.2139
175.660	    77.3196
176.436	    75.0000
177.236	    78.9474
177.996	    80.6452
178.740	    76.1421
179.528	    78.9474
180.288	    75.3769
181.084	    72.1154
181.916	    71.0900
182.760	    69.7674
183.620	    71.0900
184.464	    71.4286
185.304	    73.5294
186.120	    74.2574
186.928	    74.2574
187.736	    78.1250
188.504	    73.1707
189.324	    70.4225
190.176	    69.4444
191.040	    69.7674
191.900	    69.4444
192.764	    67.5676
193.652	    67.5676
194.540	    70.4225
195.392	    81.5217
196.128	    88.2353
196.808	    84.2697
197.520	    81.5217
198.256	    77.7202
199.028	    75.3769
199.824	    74.6269
200.628	    71.4286
201.468	    71.4286
202.308	    68.1818
203.188	    69.1244
204.056	    73.1707
204.876	    78.9474
205.636	    78.9474
206.396	    79.3651
207.152	    78.1250
207.920	    75.3769
208.716	    72.1154
209.548	    70.4225
210.400	    70.0935
211.256	    68.8073
212.128	    70.4225
212.980	    70.7547
213.828	    71.0900
214.672	    72.1154
215.504	    72.8155
216.328	    71.4286
217.168	    70.7547
218.016	    71.4286
218.856	    70.4225
219.708	    71.4286
220.548	    70.7547
221.396	    69.1244
222.264	    68.1818
223.144	    69.7674
224.004	    72.8155
224.828	    73.5294
225.644	    73.5294
226.460	    71.0900
227.304	    69.1244
228.172	    67.2646
229.064	    65.5022
229.980	    64.9351
230.904	    65.7895
231.816	    68.1818
232.696	    71.0900
233.540	    76.9231
234.320	    81.0811
235.060	    78.9474
235.820	    71.7703
236.656	    69.4444
237.520	    70.0935
238.376	    72.8155
239.200	    71.7703
240.036	    74.6269
240.840	    78.1250
241.608	    73.5294
242.424	    74.6269
243.228	    80.2139
243.976	    81.9672
244.708	    74.6269
245.512	    75.0000
246.312	    74.6269
247.116	    73.8916
247.928	    73.8916
248.740	    78.1250
249.508	    82.4176
250.236	    79.7872
250.988	    76.5306
251.772	    73.8916
252.584	    70.7547
253.432	    69.4444
254.296	    70.4225
255.148	    72.8155
255.972	    72.1154
256.804	    72.1154
257.636	    72.4638
258.464	    76.9231
259.244	    74.2574
260.052	    73.5294
260.868	    72.8155
261.692	    70.7547
262.540	    71.4286
263.380	    75.3769
264.176	    74.2574
264.984	    74.6269
265.788	    75.0000
266.588	    74.6269
267.392	    76.1421
268.180	    82.4176
268.908	    78.5340
269.672	    78.1250
270.440	    75.0000
271.240	    76.5306
272.024	    79.7872
272.776	    75.0000
273.576	    76.1421
274.364	    78.5340
275.128	    77.3196
275.904	    75.0000
276.704	    74.2574
277.512	    75.0000
278.312	    74.6269
279.116	    75.3769
279.912	    75.3769
280.708	    74.2574
281.516	    71.7703
282.352	    73.8916
283.164	    72.4638
283.992	    71.7703
284.828	    71.0900
285.672	    70.4225
286.524	    73.5294
287.340	    78.1250
288.108	    83.3333
288.828	    81.0811
289.568	    76.9231
290.348	    70.7547
291.196	    69.4444
292.060	    67.8733
292.944	    72.8155
293.768	    79.3651
294.524	    78.1250
295.292	    71.4286
296.132	    70.0935
296.988	    67.2646
297.880	    67.5676
298.768	    68.4931
299.644	    71.7703
300.480	    73.8916
301.292	    74.2574
302.100	    73.8916
302.912	    73.1707
303.732	    77.3196
304.508	    77.7202
305.280	    73.1707
306.100	    70.7547
306.948	    70.7547
307.796	    69.1244
308.664	    69.7674
309.524	    69.4444
310.388	    69.4444
311.252	    70.0935
312.108	    70.0935
312.964	    68.8073
313.836	    67.5676
314.724	    69.1244
315.592	    70.0935
316.448	    70.7547
317.296	    70.7547
318.144	    72.1154
318.976	    71.7703
319.812	    71.7703
320.648	    70.0935
321.504	    68.8073
322.376	    68.8073
323.248	    69.7674
324.108	    69.1244
324.976	    67.8733
325.860	    70.4225
326.712	    72.4638
327.540	    73.1707
328.360	    75.0000
329.160	    75.0000
329.960	    75.3769
330.756	    72.8155
331.580	    71.0900
332.424	    72.1154
333.256	    76.5306
334.040	    81.5217
334.776	    75.3769
335.572	    75.0000
336.372	    71.0900
337.216	    72.8155
338.040	    74.6269
338.844	    72.4638
339.672	    72.4638
340.500	    73.8916
341.312	    76.5306
342.096	    76.9231
342.876	    77.7202
343.648	    78.5340
344.412	    81.0811
345.152	    85.2273
345.856	    81.5217
346.592	    84.2697
347.304	    83.7989
348.020	    80.6452
348.764	    78.9474
349.524	    78.1250
350.292	    77.3196
351.068	    78.1250
351.836	    77.7202
352.608	    79.7872
353.360	    78.1250
354.128	    76.9231
354.908	    75.3769
355.704	    75.3769
356.500	    77.3196
357.276	    78.9474
358.036	    75.0000
358.836	    72.4638
359.664	    71.4286
360.504	    71.0900
361.348	    70.4225
362.200	    72.8155
363.024	    74.2574
363.832	    80.2139
364.580	    75.0000
365.380	    73.1707
366.200	    71.0900
367.044	    76.9231
367.824	    73.8916
368.636	    72.8155
369.460	    72.1154
370.292	    71.7703
371.128	    71.0900
371.972	    72.1154
372.804	    73.8916
373.616	    74.2574
374.424	    77.7202
375.196	    81.9672
375.928	    80.6452
376.672	    81.0811
377.412	    79.7872
378.164	    80.2139
378.912	    78.9474
379.672	    72.8155
380.496	    72.8155
381.320	    73.5294
382.136	    74.2574
382.944	    74.6269
383.748	    76.9231
384.528	    78.1250
385.296	    78.9474
386.056	    79.7872
386.808	    78.9474
387.568	    78.1250
388.336	    80.2139
389.084	    74.6269
389.888	    73.8916
390.700	    69.4444
391.564	    68.8073
392.436	    76.1421
393.224	    80.6452
393.968	    81.0811
394.708	    81.9672
395.440	    80.2139
396.188	    76.9231
396.968	    71.7703
397.804	    71.0900
398.648	    69.1244
399.516	    69.4444
400.380	    70.4225
401.232	    70.7547
402.080	    74.6269
402.884	    75.0000
403.684	    71.7703
404.520	    71.0900
405.364	    75.7576
406.156	    73.5294
406.972	    75.0000
407.772	    80.2139
408.520	    78.5340
409.284	    77.3196
410.060	    79.7872
410.812	    78.5340
411.576	    75.3769
412.372	    78.1250
413.140	    81.0811
413.880	    85.7143
414.580	    84.7458
415.288	    84.7458
415.996	    84.7458
416.704	    78.1250
417.472	    80.2139
418.220	    75.0000
419.020	    78.5340
419.784	    75.0000
420.584	    72.1154
421.416	    72.1154
422.248	    73.1707
423.068	    73.1707
423.888	    73.5294
424.704	    73.8916
425.516	    73.5294
426.332	    74.2574
427.140	    74.6269
427.944	    76.1421
428.732	    74.6269
429.536	    74.2574
430.344	    76.1421
431.132	    78.9474
431.892	    76.5306
432.676	    66.9643
433.572	    64.3777
434.504	    67.8733
435.388	    71.7703
436.224	    75.0000
437.024	    79.3651
437.780	    81.5217
438.516	    80.2139
439.264	    83.3333
439.984	    82.4176
440.712	    74.6269
441.516	    70.7547
442.364	    68.8073
443.236	    68.1818
444.116	    69.1244
444.984	    69.4444
445.848	    70.7547
446.696	    72.4638
447.524	    71.4286
448.364	    71.0900
449.208	    71.7703
450.044	    71.4286
450.884	    70.4225
451.736	    70.4225
452.588	    69.1244
453.456	    69.1244
454.324	    69.4444
455.188	    68.8073
456.060	    68.1818
456.940	    70.4225
457.792	    70.4225
458.644	    69.4444
459.508	    75.7576
460.300	    78.9474
461.060	    72.4638
461.888	    72.4638
462.716	    70.4225
463.568	    80.2139
464.316	    76.9231
465.096	    75.3769
465.892	    73.5294
466.708	    77.7202
467.480	    76.1421
468.268	    73.1707
469.088	    75.3769
469.884	    78.1250
470.652	    77.7202
471.424	    75.7576
472.216	    75.7576
473.008	    75.7576
473.800	    78.9474
474.560	    80.2139
475.308	    76.1421
476.096	    71.4286
476.936	    70.7547
477.784	    69.4444
478.648	    71.7703
479.484	    72.1154
480.316	    72.4638
481.144	    72.1154
481.976	    73.1707
482.796	    73.8916
483.608	    77.7202
484.380	    79.7872
485.132	    73.1707
485.952	    70.0935
486.808	    69.7674
487.668	    74.2574
488.476	    70.7547
489.324	    69.7674
490.184	    68.8073
491.056	    69.4444
491.920	    72.8155
492.744	    72.4638
493.572	    73.1707
494.392	    75.3769
495.188	    76.1421
495.976	    75.7576
496.768	    75.0000
497.568	    71.4286
498.408	    67.5676
499.296	    67.2646
500.188	    69.7674
501.048	    72.4638
501.876	    68.4931
502.752	    69.1244
503.620	    68.8073
504.492	    70.0935
505.348	    71.0900
506.192	    70.7547
507.040	    76.1421
507.828	    76.5306
508.612	    73.1707
509.432	    67.8733
510.316	    66.3717
511.220	    64.9351
512.144	    65.7895
513.056	    68.1818
513.936	    69.7674
514.796	    70.7547
515.644	    73.8916
516.456	    77.7202
517.228	    74.2574
518.036	    72.1154
518.868	    71.4286
519.708	    69.1244
520.576	    70.7547
521.424	    71.0900
522.268	    74.2574
523.076	    83.7989
523.792	    76.9231
524.572	    85.2273
525.276	    83.3333
525.996	    82.8729
526.720	    80.2139
527.468	    83.7989
528.184	    74.2574
528.992	    70.4225
529.844	    69.4444
530.708	    69.7674
531.568	    71.7703
532.404	    69.4444
533.268	    70.4225
534.120	    70.0935
534.976	    70.0935
535.832	    69.4444
536.696	    69.7674
537.556	    70.7547
538.404	    70.0935
539.260	    69.1244
540.128	    69.1244
540.996	    68.8073
541.868	    69.4444
542.732	    69.7674
543.592	    70.0935
544.448	    69.4444
545.312	    68.8073
546.184	    68.1818
547.064	    68.1818
547.944	    69.1244
548.812	    68.4931
549.688	    66.6667
550.588	    64.9351
551.512	    63.5593
552.456	    63.8298
553.396	    70.4225
554.248	    78.5340
555.012	    73.5294
555.828	    70.0935
556.684	    67.8733
557.568	    68.8073
558.440	    62.2407
559.404	    60.4839
560.396	    61.9835
561.364	    63.0252
562.316	    63.2911
563.264	    65.5022
564.180	    66.3717
565.084	    67.5676
565.972	    68.8073
566.844	    70.0935
567.700	    69.7674
568.560	    69.4444
569.424	    68.4931
570.300	    69.1244
571.168	    67.2646
572.060	    66.9643
572.956	    67.2646
573.848	    68.4931
574.724	    69.7674
575.584	    72.4638
576.412	    68.8073
577.284	    66.6667
578.184	    68.8073
579.056	    76.1421
579.844	    77.3196
580.620	    75.0000
581.420	    77.3196
582.196	    81.0811
582.936	    77.7202
583.708	    74.6269
584.512	    71.7703
585.348	    70.4225
586.200	    69.4444
587.064	    70.7547
587.912	    72.4638
588.740	    74.6269
589.544	    74.6269
590.348	    75.3769
591.144	    75.3769
591.940	    75.0000
592.740	    78.9474
593.500	    81.0811
594.240	    82.4176
594.968	    85.2273
595.672	    86.7052
596.364	    85.2273
597.068	    81.0811
597.808	    76.1421
598.596	    71.7703
