0.892	    64.3777
1.824	    69.1244
2.692	    70.0935
3.548	    64.1026
4.484	    64.1026
5.420	    63.0252
6.372	    67.5676
7.260	    69.4444
8.124	    72.1154
8.956	    77.3196
9.732	    81.0811
10.472	    79.7872
11.224	    80.2139
11.972	    72.1154
12.804	    68.4931
13.680	    68.1818
14.560	    73.8916
15.372	    73.1707
16.192	    69.1244
17.060	    69.1244
17.928	    74.6269
18.732	    79.7872
19.484	    81.0811
20.224	    81.9672
20.956	    78.1250
21.724	    67.2646
22.616	    63.8298
23.556	    62.5000
24.516	    71.7703
25.352	    75.3769
26.148	    76.1421
26.936	    72.4638
27.764	    63.5593
28.708	    60.9756
29.692	    61.2245
30.672	    61.2245
31.652	    66.6667
32.552	    69.4444
33.416	    69.1244
34.284	    65.7895
35.196	    66.6667
36.096	    73.1707
36.916	    73.1707
37.736	    66.0793
38.644	    63.2911
39.592	    67.2646
40.484	    72.4638
41.312	    64.9351
42.236	    62.5000
43.196	    64.6552
44.124	    70.4225
44.976	    71.4286
45.816	    64.6552
46.744	    61.7284
47.716	    62.2407
48.680	    63.5593
49.624	    63.0252
50.576	    60.0000
51.576	    61.4754
52.552	    65.2174
53.472	    65.2174
54.392	    62.7615
55.348	    62.7615
56.304	    63.5593
57.248	    63.0252
58.200	    61.4754
59.176	    62.7615
60.132	    64.6552
61.060	    65.2174
61.980	    62.2407
62.944	    60.7287
63.932	    61.4754
64.908	    61.4754
65.884	    62.5000
66.844	    61.9835
67.812	    63.0252
68.764	    64.6552
69.692	    63.8298
70.632	    62.2407
71.596	    61.7284
72.568	    61.9835
73.536	    63.0252
74.488	    62.5000
75.448	    61.7284
76.420	    62.5000
77.380	    63.5593
78.324	    61.9835
79.292	    62.5000
80.252	    63.8298
81.192	    65.7895
82.104	    64.9351
83.028	    63.5593
83.972	    65.7895
84.884	    66.6667
85.784	    67.5676
86.672	    64.6552
87.600	    62.7615
88.556	    63.8298
89.496	    65.2174
90.416	    64.1026
91.352	    61.9835
92.320	    62.5000
93.280	    63.5593
94.224	    64.1026
95.160	    64.1026
96.096	    64.3777
97.028	    64.6552
97.956	    65.7895
98.868	    64.3777
99.800	    63.8298
100.740	    65.2174
101.660	    66.6667
102.560	    65.5022
103.476	    63.8298
104.416	    64.6552
105.344	    64.3777
106.276	    64.1026
107.212	    63.0252
108.164	    62.5000
109.124	    64.3777
110.056	    67.2646
110.948	    65.5022
111.864	    61.9835
112.832	    62.7615
113.788	    66.3717
114.692	    65.7895
115.604	    63.0252
116.556	    62.7615
117.512	    66.3717
118.416	    67.2646
119.308	    63.5593
120.252	    60.7287
121.240	    63.2911
122.188	    65.7895
123.100	    66.0793
124.008	    62.2407
124.972	    60.7287
125.960	    64.6552
126.888	    67.2646
127.780	    63.2911
128.728	    60.0000
129.728	    61.2245
130.708	    64.1026
131.644	    60.7287
132.632	    59.7610
133.636	    62.7615
134.592	    66.3717
135.496	    65.2174
136.416	    61.2245
137.396	    63.2911
138.344	    67.2646
139.236	    65.7895
140.148	    62.5000
141.108	    63.8298
142.048	    65.5022
142.964	    65.2174
143.884	    62.2407
144.848	    62.5000
145.808	    65.7895
146.720	    69.1244
147.588	    66.6667
148.488	    61.9835
149.456	    62.5000
150.416	    63.2911
151.364	    65.7895
152.276	    63.0252
153.228	    61.4754
154.204	    66.0793
155.112	    68.4931
155.988	    67.2646
156.880	    64.9351
157.804	    66.9643
158.700	    68.1818
159.580	    68.4931
160.456	    66.0793
161.364	    66.3717
162.268	    68.4931
163.144	    70.4225
163.996	    66.6667
164.896	    64.1026
165.832	    69.7674
166.692	    76.9231
167.472	    75.7576
168.264	    69.7674
169.124	    63.0252
170.076	    63.8298
171.016	    66.6667
171.916	    65.7895
172.828	    63.0252
173.780	    62.7615
174.736	    63.8298
175.676	    66.3717
176.580	    63.2911
177.528	    61.9835
178.496	    63.2911
179.444	    65.7895
180.356	    66.6667
181.256	    64.6552
182.184	    64.9351
183.108	    66.9643
184.004	    71.4286
184.844	    68.8073
185.716	    63.2911
186.664	    63.8298
187.604	    67.5676
188.492	    67.8733
189.376	    62.5000
190.336	    62.7615
191.292	    67.8733
192.176	    72.8155
193.000	    75.3769
193.796	    73.1707
194.616	    64.6552
195.544	    65.2174
196.464	    69.7674
197.324	    66.6667
198.224	    66.0793
199.132	    69.1244
200.000	    70.7547
200.848	    66.0793
201.756	    63.8298
202.696	    65.7895
203.608	    66.3717
204.512	    64.9351
205.436	    62.2407
206.400	    61.7284
207.372	    66.3717
208.276	    67.5676
209.164	    64.6552
210.092	    62.5000
211.052	    64.9351
211.976	    68.1818
212.856	    66.3717
213.760	    63.0252
214.712	    63.0252
215.664	    67.5676
216.552	    72.1154
217.384	    68.1818
218.264	    63.5593
219.208	    64.9351
220.132	    68.1818
221.012	    69.1244
221.880	    64.6552
222.808	    63.8298
223.748	    67.2646
224.640	    69.7674
225.500	    66.9643
226.396	    63.5593
227.340	    66.6667
228.240	    69.4444
229.104	    68.8073
229.976	    63.5593
230.920	    63.2911
231.868	    67.2646
232.760	    69.7674
233.620	    65.2174
234.540	    64.1026
235.476	    67.8733
236.360	    72.4638
237.188	    68.8073
238.060	    64.9351
238.984	    65.7895
239.896	    68.8073
240.768	    67.8733
241.652	    65.7895
242.564	    65.2174
243.484	    67.5676
244.372	    67.5676
245.260	    65.5022
246.176	    64.1026
247.112	    65.7895
248.024	    70.0935
248.880	    69.4444
249.744	    66.9643
250.640	    67.8733
251.524	    71.4286
252.364	    69.1244
253.232	    65.2174
254.152	    66.6667
255.052	    69.7674
255.912	    71.0900
256.756	    66.3717
257.660	    62.5000
258.620	    64.9351
259.544	    68.1818
260.424	    68.1818
261.304	    63.5593
262.248	    62.2407
263.212	    62.5000
264.172	    63.2911
265.120	    67.8733
266.004	    71.4286
266.844	    68.8073
267.716	    64.3777
268.648	    66.3717
269.552	    71.4286
270.392	    72.4638
271.220	    67.8733
272.104	    63.2911
273.052	    67.8733
273.936	    72.1154
274.768	    70.7547
275.616	    67.2646
276.508	    67.5676
277.396	    66.3717
278.300	    66.0793
279.208	    66.0793
280.116	    67.2646
281.008	    69.7674
281.868	    69.7674
282.728	    67.2646
283.620	    63.8298
284.560	    63.8298
285.500	    68.1818
286.380	    69.7674
287.240	    68.1818
288.120	    65.2174
289.040	    67.2646
289.932	    69.4444
290.796	    66.3717
291.700	    64.3777
292.632	    66.0793
293.540	    68.8073
294.412	    69.4444
295.276	    66.3717
296.180	    63.8298
297.120	    64.6552
298.048	    68.1818
298.928	    66.9643
299.824	    63.8298
300.764	    64.1026
301.700	    68.8073
302.572	    69.4444
303.436	    65.7895
304.348	    63.5593
305.292	    66.3717
306.196	    70.4225
307.048	    69.1244
307.916	    64.1026
308.852	    62.7615
309.808	    66.6667
310.708	    69.1244
311.576	    67.2646
312.468	    64.6552
313.396	    64.9351
314.320	    67.8733
315.204	    68.4931
316.080	    64.6552
317.008	    61.7284
317.980	    63.8298
318.920	    66.0793
319.828	    63.5593
320.772	    61.2245
321.752	    64.6552
322.680	    68.1818
323.560	    66.6667
324.460	    64.1026
325.396	    64.9351
326.320	    66.0793
327.228	    64.9351
328.152	    64.3777
329.084	    63.2911
330.032	    66.9643
330.928	    70.7547
331.776	    68.8073
332.648	    67.2646
333.540	    67.8733
334.424	    70.0935
335.280	    70.0935
336.136	    65.5022
337.052	    64.9351
337.976	    67.8733
338.860	    69.1244
339.728	    65.7895
340.640	    65.7895
341.552	    67.2646
342.444	    70.0935
343.300	    71.7703
344.136	    69.1244
345.004	    67.2646
345.896	    68.1818
346.776	    70.7547
347.624	    71.0900
348.468	    66.3717
349.372	    63.5593
350.316	    66.9643
351.212	    71.0900
352.056	    72.4638
352.884	    68.8073
353.756	    66.3717
354.660	    70.0935
355.516	    71.7703
356.352	    70.0935
357.208	    67.5676
358.096	    73.8916
358.908	    78.9474
359.668	    78.9474
360.428	    76.9231
361.208	    68.1818
362.088	    66.3717
362.992	    68.8073
363.864	    72.4638
364.692	    69.7674
365.552	    64.6552
366.480	    67.5676
367.368	    69.7674
368.228	    68.4931
369.104	    69.1244
369.972	    71.7703
370.808	    75.7576
371.600	    78.5340
372.364	    73.5294
373.180	    64.9351
374.104	    63.8298
375.044	    63.2911
375.992	    64.1026
376.928	    66.9643
377.824	    65.2174
378.744	    68.4931
379.620	    73.5294
380.436	    76.5306
381.220	    72.4638
382.048	    66.3717
382.952	    66.6667
383.852	    69.7674
384.712	    71.7703
385.548	    68.1818
386.428	    63.5593
387.372	    64.9351
388.296	    69.4444
389.160	    71.4286
390.000	    67.5676
390.888	    64.6552
391.816	    68.1818
392.696	    71.0900
393.540	    68.1818
394.420	    64.9351
395.344	    67.2646
396.236	    71.7703
397.072	    75.7576
397.864	    71.7703
398.700	    64.9351
399.624	    64.9351
400.548	    67.8733
401.432	    68.4931
402.308	    65.2174
403.228	    64.3777
404.160	    68.8073
405.032	    73.5294
405.848	    72.8155
406.672	    66.0793
407.580	    63.5593
408.524	    72.4638
409.352	    72.8155
410.176	    69.1244
411.044	    67.2646
411.936	    70.4225
412.788	    70.7547
413.636	    66.6667
414.536	    61.9835
415.504	    63.8298
416.444	    69.7674
417.304	    73.1707
418.124	    70.7547
418.972	    65.5022
419.888	    66.9643
420.784	    69.7674
421.644	    69.7674
422.504	    65.7895
423.416	    65.7895
424.328	    72.1154
425.160	    74.2574
425.968	    71.4286
426.808	    66.0793
427.716	    65.2174
428.636	    71.4286
429.476	    72.4638
430.304	    68.1818
431.184	    63.8298
432.124	    68.1818
433.004	    71.4286
433.844	    72.4638
434.672	    68.8073
435.544	    64.3777
436.476	    68.8073
437.348	    70.0935
438.204	    69.7674
439.064	    65.5022
439.980	    64.9351
440.904	    71.0900
441.748	    73.8916
442.560	    70.0935
443.416	    65.2174
444.336	    66.0793
445.244	    71.0900
446.088	    70.0935
446.944	    66.0793
447.852	    63.2911
448.800	    68.8073
449.672	    68.1818
450.552	    65.2174
451.472	    62.5000
452.432	    66.6667
453.332	    70.0935
454.188	    71.4286
455.028	    68.1818
455.908	    63.5593
456.852	    69.4444
457.716	    69.4444
458.580	    73.8916
459.392	    79.7872
460.144	    75.7576
460.936	    73.5294
461.752	    67.5676
462.640	    61.2245
463.620	    59.2885
464.632	    63.8298
465.572	    67.8733
466.456	    69.4444
467.320	    66.0793
468.228	    61.2245
469.208	    64.1026
470.144	    69.4444
471.008	    71.4286
471.848	    66.0793
472.756	    61.7284
473.728	    70.7547
474.576	    72.1154
475.408	    64.9351
476.332	    60.9756
477.316	    68.1818
478.196	    68.8073
479.068	    64.3777
480.000	    61.4754
480.976	    69.1244
481.844	    72.8155
482.668	    74.6269
483.472	    69.1244
484.340	    61.7284
485.312	    67.2646
486.204	    71.7703
487.040	    68.1818
487.920	    62.5000
488.880	    62.5000
489.840	    68.8073
490.712	    69.7674
491.572	    66.6667
492.472	    62.2407
493.436	    69.1244
494.304	    68.1818
495.184	    63.2911
496.132	    61.7284
497.104	    66.3717
498.008	    63.8298
498.948	    65.5022
499.864	    66.3717
500.768	    61.9835
501.736	    60.7287
502.724	    66.3717
503.628	    66.6667
504.528	    66.9643
505.424	    62.5000
506.384	    60.7287
507.372	    67.5676
508.260	    67.2646
509.152	    61.2245
510.132	    60.9756
511.116	    69.7674
511.976	    71.4286
512.816	    66.6667
513.716	    60.0000
514.716	    66.3717
515.620	    67.2646
516.512	    63.0252
517.464	    59.7610
518.468	    66.0793
519.376	    66.6667
520.276	    63.8298
521.216	    60.7287
522.204	    61.4754
523.180	    65.7895
524.092	    64.9351
525.016	    62.2407
525.980	    61.4754
526.956	    67.8733
527.840	    66.9643
528.736	    59.7610
529.740	    59.2885
530.752	    64.9351
531.676	    65.5022
532.592	    61.2245
533.572	    60.4839
534.564	    65.5022
535.480	    66.9643
536.376	    63.5593
537.320	    63.2911
538.268	    66.3717
539.172	    69.1244
540.040	    68.4931
540.916	    62.7615
541.872	    61.4754
542.848	    66.9643
543.744	    70.0935
544.600	    70.4225
545.452	    63.0252
546.404	    61.7284
547.376	    67.2646
548.268	    68.1818
549.148	    63.0252
550.100	    60.9756
551.084	    63.5593
552.028	    67.5676
552.916	    66.6667
553.816	    62.2407
554.780	    64.1026
555.716	    70.7547
556.564	    69.7674
557.424	    64.1026
558.360	    62.5000
559.320	    64.9351
560.244	    69.4444
561.108	    64.6552
562.036	    62.5000
562.996	    61.4754
563.972	    67.2646
564.864	    71.0900
565.708	    66.3717
566.612	    61.7284
567.584	    64.9351
568.508	    67.8733
569.392	    66.3717
570.296	    60.7287
571.284	    60.9756
572.268	    67.2646
573.160	    69.4444
574.024	    66.0793
574.932	    61.7284
575.904	    67.5676
576.792	    67.8733
577.676	    66.3717
578.580	    60.7287
579.568	    58.8235
580.588	    61.7284
581.560	    67.2646
582.452	    62.2407
583.416	    60.4839
584.408	    64.1026
585.344	    67.5676
586.232	    63.2911
587.180	    61.2245
588.160	    64.6552
589.088	    68.1818
589.968	    65.5022
590.884	    61.4754
591.860	    62.2407
592.824	    66.6667
593.724	    67.2646
594.616	    61.7284
595.588	    60.2410
596.584	    63.8298
597.524	    68.8073
598.396	    68.1818
