1.192	    75.3769
1.988	    82.4176
2.716	    84.2697
3.428	    81.9672
4.160	    77.7202
4.932	    74.2574
5.740	    74.6269
6.544	    79.3651
7.300	    83.3333
8.020	    79.7872
8.772	    71.4286
9.612	    69.7674
10.472	    70.0935
11.328	    68.8073
12.200	    73.5294
13.016	    79.3651
13.772	    79.7872
14.524	    75.0000
15.324	    67.8733
16.208	    70.0935
17.064	    74.6269
17.868	    76.1421
18.656	    70.7547
19.504	    66.3717
20.408	    71.7703
21.244	    75.7576
22.036	    76.5306
22.820	    68.4931
23.696	    64.3777
24.628	    68.1818
25.508	    72.8155
26.332	    71.0900
27.176	    63.8298
28.116	    65.2174
29.036	    72.4638
29.864	    76.9231
30.644	    69.1244
31.512	    63.5593
32.456	    66.3717
33.360	    72.1154
34.192	    74.6269
34.996	    66.0793
35.904	    62.5000
36.864	    69.7674
37.724	    75.7576
38.516	    73.1707
39.336	    66.9643
40.232	    64.1026
41.168	    69.1244
42.036	    74.6269
42.840	    70.4225
43.692	    65.2174
44.612	    67.2646
45.504	    72.4638
46.332	    75.0000
47.132	    71.0900
47.976	    65.7895
48.888	    78.1250
49.656	    80.6452
50.400	    78.1250
51.168	    70.7547
52.016	    66.6667
52.916	    67.2646
53.808	    72.1154
54.640	    75.0000
55.440	    68.8073
56.312	    64.9351
57.236	    70.4225
58.088	    74.6269
58.892	    78.1250
59.660	    72.8155
60.484	    67.5676
61.372	    75.0000
62.172	    81.0811
62.912	    78.5340
63.676	    72.1154
64.508	    66.6667
65.408	    65.5022
66.324	    70.0935
67.180	    73.1707
68.000	    67.2646
68.892	    64.6552
69.820	    77.3196
70.596	    79.3651
71.352	    77.7202
72.124	    65.7895
73.036	    62.5000
73.996	    66.0793
74.904	    69.7674
75.764	    65.5022
76.680	    62.2407
77.644	    65.7895
78.556	    71.7703
79.392	    70.0935
80.248	    64.1026
81.184	    63.2911
82.132	    70.7547
82.980	    73.1707
83.800	    69.1244
84.668	    63.8298
85.608	    65.2174
86.528	    70.0935
87.384	    72.1154
88.216	    64.3777
89.148	    62.7615
90.104	    69.4444
90.968	    72.8155
91.792	    66.6667
92.692	    61.7284
93.664	    67.5676
94.552	    72.4638
95.380	    72.4638
96.208	    65.5022
97.124	    63.5593
98.068	    78.1250
98.836	    78.1250
99.604	    75.3769
100.400	    67.2646
101.292	    62.5000
102.252	    67.5676
103.140	    72.8155
103.964	    69.4444
104.828	    64.3777
105.760	    63.5593
106.704	    70.4225
107.556	    74.6269
108.360	    69.4444
109.224	    64.9351
110.148	    67.2646
111.040	    71.7703
111.876	    70.4225
112.728	    63.0252
113.680	    62.7615
114.636	    65.5022
115.552	    67.8733
116.436	    66.6667
117.336	    64.6552
118.264	    64.1026
119.200	    64.3777
120.132	    61.9835
121.100	    60.9756
122.084	    63.0252
123.036	    65.7895
123.948	    66.3717
124.852	    63.5593
125.796	    61.9835
126.764	    64.6552
127.692	    67.5676
128.580	    68.4931
129.456	    66.3717
130.360	    66.0793
131.268	    75.7576
132.060	    75.7576
132.852	    71.0900
133.696	    66.6667
134.596	    63.0252
135.548	    65.2174
136.468	    66.9643
137.364	    65.7895
138.276	    63.5593
139.220	    64.1026
140.156	    67.5676
141.044	    68.4931
141.920	    66.6667
142.820	    65.5022
143.736	    67.5676
144.624	    69.1244
145.492	    67.2646
146.384	    65.7895
147.296	    65.7895
148.208	    68.1818
149.088	    69.4444
149.952	    66.9643
150.848	    64.6552
151.776	    70.0935
152.632	    73.1707
153.452	    68.4931
154.328	    65.2174
155.248	    64.3777
156.180	    70.7547
157.028	    71.0900
157.872	    66.9643
158.768	    64.9351
159.692	    70.0935
160.548	    75.3769
161.344	    71.0900
162.188	    67.5676
163.076	    76.9231
163.856	    78.1250
164.624	    73.1707
165.444	    66.9643
166.340	    64.3777
167.272	    70.0935
168.128	    74.2574
168.936	    69.7674
169.796	    63.8298
170.736	    64.9351
171.660	    69.4444
172.524	    71.7703
173.360	    67.8733
174.244	    64.6552
175.172	    69.4444
176.036	    71.0900
176.880	    66.0793
177.788	    63.2911
178.736	    66.3717
179.640	    70.7547
180.488	    69.4444
181.352	    64.9351
182.276	    61.9835
183.244	    64.1026
184.180	    66.9643
185.076	    66.9643
185.972	    64.1026
186.908	    60.4839
187.900	    62.2407
188.864	    66.6667
189.764	    68.4931
190.640	    64.1026
191.576	    61.9835
192.544	    64.6552
193.472	    71.4286
194.312	    72.8155
195.136	    66.0793
196.044	    64.1026
196.980	    76.9231
197.760	    76.9231
198.540	    68.4931
199.416	    64.1026
200.352	    67.2646
201.244	    74.2574
202.052	    73.8916
202.864	    64.3777
203.796	    63.8298
204.736	    66.9643
205.632	    70.7547
206.480	    71.0900
207.324	    64.3777
208.256	    66.6667
209.156	    71.7703
209.992	    72.1154
210.824	    67.2646
211.716	    63.0252
212.668	    67.2646
213.560	    71.0900
214.404	    67.2646
215.296	    61.7284
216.268	    61.4754
217.244	    66.3717
218.148	    67.5676
219.036	    63.5593
219.980	    62.7615
220.936	    63.2911
221.884	    64.3777
222.816	    63.2911
223.764	    60.7287
224.752	    62.2407
225.716	    65.5022
226.632	    66.3717
227.536	    63.0252
228.488	    63.2911
229.436	    68.8073
230.308	    73.5294
231.124	    70.4225
231.976	    64.3777
232.908	    61.4754
233.884	    62.7615
234.840	    64.3777
235.772	    62.5000
236.732	    61.9835
237.700	    64.9351
238.624	    67.2646
239.516	    64.9351
240.440	    64.3777
241.372	    65.2174
242.292	    66.6667
243.192	    66.9643
244.088	    64.6552
245.016	    62.7615
245.972	    66.0793
246.880	    66.0793
247.788	    65.5022
248.704	    65.5022
249.620	    67.5676
250.508	    72.4638
251.336	    73.1707
252.156	    76.5306
252.940	    69.4444
253.804	    69.4444
254.668	    70.4225
255.520	    68.4931
256.396	    66.3717
257.300	    66.0793
258.208	    68.8073
259.080	    70.0935
259.936	    67.2646
260.828	    66.9643
261.724	    67.5676
262.612	    69.1244
263.480	    66.6667
264.380	    64.1026
265.316	    66.3717
266.220	    66.9643
267.116	    65.5022
268.032	    63.8298
268.972	    62.7615
269.928	    64.3777
270.860	    64.9351
271.784	    64.1026
272.720	    63.0252
273.672	    65.5022
274.588	    67.5676
275.476	    66.6667
276.376	    66.9643
277.272	    68.4931
278.148	    75.7576
278.940	    72.1154
279.772	    66.9643
280.668	    63.8298
281.608	    63.8298
282.548	    64.6552
283.476	    64.3777
284.408	    62.2407
285.372	    62.2407
286.336	    64.9351
287.260	    65.5022
288.176	    63.5593
289.120	    63.0252
290.072	    62.7615
291.028	    64.1026
291.964	    64.6552
292.892	    63.2911
293.840	    62.2407
294.804	    63.8298
295.744	    64.3777
296.676	    62.5000
297.636	    61.4754
298.612	    62.5000
299.572	    64.1026
300.508	    62.7615
301.464	    62.5000
302.424	    63.2911
303.372	    65.7895
304.284	    66.0793
305.192	    65.5022
306.108	    63.2911
307.056	    71.0900
307.900	    72.1154
308.732	    69.4444
309.596	    65.2174
310.516	    62.2407
311.480	    64.6552
312.408	    65.2174
313.328	    63.2911
314.276	    62.5000
315.236	    64.3777
316.168	    67.2646
317.060	    67.5676
317.948	    65.7895
318.860	    66.3717
319.764	    65.7895
320.676	    66.9643
321.572	    65.2174
322.492	    63.5593
323.436	    64.1026
324.372	    64.3777
325.304	    61.9835
326.272	    61.4754
327.248	    62.7615
328.204	    65.2174
329.124	    66.0793
330.032	    63.0252
330.984	    62.7615
331.940	    65.2174
332.860	    65.5022
333.776	    60.9756
334.760	    60.4839
335.752	    61.9835
336.720	    66.6667
337.620	    67.8733
338.504	    64.6552
339.432	    63.2911
340.380	    65.5022
341.296	    64.6552
342.224	    63.2911
343.172	    64.6552
344.100	    66.6667
345.000	    66.3717
345.904	    63.0252
346.856	    63.8298
347.796	    66.9643
348.692	    67.2646
349.584	    63.8298
350.524	    63.5593
351.468	    64.3777
352.400	    66.3717
353.304	    65.7895
354.216	    64.3777
355.148	    63.8298
356.088	    67.2646
356.980	    66.6667
357.880	    63.0252
358.832	    64.3777
359.764	    65.7895
360.676	    63.5593
361.620	    62.2407
362.584	    62.5000
363.544	    64.3777
364.476	    66.3717
365.380	    66.0793
366.288	    63.0252
367.240	    63.2911
368.188	    64.3777
369.120	    66.6667
370.020	    64.6552
370.948	    62.7615
371.904	    63.5593
372.848	    66.6667
373.748	    67.2646
374.640	    64.6552
375.568	    62.7615
376.524	    64.3777
377.456	    66.3717
378.360	    65.2174
379.280	    61.9835
380.248	    62.2407
381.212	    66.0793
382.120	    68.1818
383.000	    65.7895
383.912	    65.7895
384.824	    72.1154
385.656	    71.4286
386.496	    69.4444
387.360	    65.5022
388.276	    63.0252
389.228	    65.7895
390.140	    66.6667
391.040	    64.1026
391.976	    63.8298
392.916	    65.2174
393.836	    68.1818
394.716	    70.4225
395.568	    66.6667
396.468	    64.9351
397.392	    65.5022
398.308	    64.1026
399.244	    62.7615
400.200	    63.2911
401.148	    67.5676
402.036	    69.4444
402.900	    64.3777
403.832	    64.1026
404.768	    65.7895
405.680	    67.2646
406.572	    66.9643
407.468	    62.5000
408.428	    62.5000
409.388	    64.9351
410.312	    66.0793
411.220	    64.1026
412.156	    63.8298
413.096	    66.0793
414.004	    67.8733
414.888	    66.3717
415.792	    65.2174
416.712	    64.6552
417.640	    66.6667
418.540	    67.5676
419.428	    64.6552
420.356	    62.5000
421.316	    63.2911
422.264	    66.6667
423.164	    66.3717
424.068	    63.8298
425.008	    64.1026
425.944	    65.5022
426.860	    67.2646
427.752	    66.0793
428.660	    64.1026
429.596	    64.1026
430.532	    67.2646
431.424	    69.1244
432.292	    66.6667
433.192	    73.1707
434.012	    64.9351
434.936	    66.9643
435.832	    65.2174
436.752	    61.9835
437.720	    62.5000
438.680	    64.6552
439.608	    65.2174
440.528	    64.3777
441.460	    64.3777
442.392	    66.0793
443.300	    68.8073
444.172	    68.4931
445.048	    64.6552
445.976	    63.5593
446.920	    65.5022
447.836	    66.3717
448.740	    63.5593
449.684	    62.5000
450.644	    65.5022
451.560	    67.8733
452.444	    66.6667
453.344	    64.3777
454.276	    64.9351
455.200	    66.9643
456.096	    64.9351
457.020	    62.5000
457.980	    63.5593
458.924	    65.7895
459.836	    64.1026
460.772	    62.7615
461.728	    63.0252
462.680	    66.0793
463.588	    67.5676
464.476	    63.8298
465.416	    61.7284
466.388	    64.3777
467.320	    64.1026
468.256	    63.0252
469.208	    63.8298
470.148	    65.7895
471.060	    66.9643
471.956	    64.3777
472.888	    62.5000
473.848	    62.7615
474.804	    65.2174
475.724	    64.3777
476.656	    65.5022
477.572	    63.5593
478.516	    61.7284
479.488	    64.6552
480.416	    66.3717
481.320	    65.2174
482.240	    64.3777
483.172	    73.5294
483.988	    71.0900
484.832	    66.9643
485.728	    63.0252
486.680	    63.2911
487.628	    64.9351
488.552	    63.0252
489.504	    62.5000
490.464	    63.0252
491.416	    66.9643
492.312	    68.1818
493.192	    65.2174
494.112	    64.9351
495.036	    68.1818
495.916	    70.7547
496.764	    67.8733
497.648	    64.6552
498.576	    64.3777
499.508	    66.9643
500.404	    67.5676
501.292	    65.7895
502.204	    63.8298
503.144	    64.9351
504.068	    66.0793
504.976	    63.5593
505.920	    61.4754
506.896	    62.7615
507.852	    65.7895
508.764	    65.2174
509.684	    64.3777
510.616	    64.6552
511.544	    69.7674
512.404	    78.9474
513.164	    73.8916
513.976	    65.5022
514.892	    65.5022
515.808	    67.8733
516.692	    69.7674
517.552	    69.1244
518.420	    64.9351
519.344	    63.5593
520.288	    64.3777
521.220	    68.1818
522.100	    65.5022
523.016	    63.0252
523.968	    64.3777
524.900	    65.5022
525.816	    64.9351
526.740	    63.5593
527.684	    64.6552
528.612	    66.6667
529.512	    67.5676
530.400	    67.2646
531.292	    65.2174
532.212	    67.2646
533.104	    75.0000
533.904	    70.7547
534.752	    67.5676
535.640	    64.6552
536.568	    65.5022
537.484	    66.9643
538.380	    65.5022
539.296	    62.7615
540.252	    63.2911
541.200	    65.7895
542.112	    66.0793
543.020	    62.7615
543.976	    63.0252
544.928	    65.7895
545.840	    65.5022
546.756	    64.1026
547.692	    64.3777
548.624	    66.6667
549.524	    69.1244
550.392	    66.0793
551.300	    65.2174
552.220	    64.6552
553.148	    64.6552
554.076	    66.9643
554.972	    65.7895
555.884	    63.8298
556.824	    64.1026
557.760	    67.2646
558.652	    66.9643
559.548	    64.1026
560.484	    63.2911
561.432	    63.8298
562.372	    63.2911
563.320	    60.7287
564.308	    61.9835
565.276	    65.2174
566.196	    64.6552
567.124	    63.8298
568.064	    64.3777
568.996	    68.8073
569.868	    68.1818
570.748	    64.3777
571.680	    65.2174
572.600	    73.1707
573.420	    72.1154
574.252	    72.8155
575.076	    66.6667
575.976	    65.5022
576.892	    67.8733
577.776	    66.6667
578.676	    65.2174
579.596	    66.9643
580.492	    63.8298
581.432	    64.6552
582.360	    65.5022
583.276	    63.5593
584.220	    64.1026
585.156	    66.0793
586.064	    67.5676
586.952	    66.0793
587.860	    64.9351
588.784	    65.5022
589.700	    68.4931
590.576	    69.7674
591.436	    66.9643
592.332	    65.2174
593.252	    63.8298
594.192	    66.6667
595.092	    69.1244
595.960	    68.1818
596.840	    66.9643
597.736	    66.9643
598.632	    68.4931
