1.332	    73.8916
2.144	    75.3769
2.940	    73.8916
3.752	    66.9643
4.648	    63.2911
5.596	    64.9351
6.520	    75.7576
7.312	    67.5676
8.200	    67.5676
9.088	    73.5294
9.904	    72.8155
10.728	    76.5306
11.512	    74.2574
12.320	    68.4931
13.196	    62.5000
14.156	    65.2174
15.076	    70.0935
15.932	    66.9643
16.828	    61.9835
17.796	    61.9835
18.764	    67.5676
19.652	    73.1707
20.472	    78.1250
21.240	    81.0811
21.980	    80.2139
22.728	    71.0900
23.572	    62.5000
24.532	    71.7703
25.368	    75.3769
26.164	    72.4638
26.992	    73.5294
27.808	    80.6452
28.552	    80.2139
29.300	    78.1250
30.068	    71.7703
30.904	    61.7284
31.876	    67.8733
32.760	    73.1707
33.580	    75.3769
34.376	    71.0900
35.220	    65.7895
36.132	    67.8733
37.016	    73.8916
37.828	    72.1154
38.660	    69.1244
39.528	    65.2174
40.448	    68.8073
41.320	    73.1707
42.140	    71.7703
42.976	    67.5676
43.864	    65.7895
44.776	    70.4225
45.628	    73.5294
46.444	    69.7674
47.304	    66.0793
48.212	    67.5676
49.100	    71.0900
49.944	    72.4638
50.772	    67.8733
51.656	    63.8298
52.596	    67.5676
53.484	    71.0900
54.328	    70.0935
55.184	    64.1026
56.120	    61.2245
57.100	    69.7674
57.960	    73.1707
58.780	    70.7547
59.628	    65.5022
60.544	    67.5676
61.432	    68.8073
62.304	    67.2646
63.196	    64.9351
64.120	    65.5022
65.036	    68.8073
65.908	    69.4444
66.772	    66.3717
67.676	    63.2911
68.624	    66.9643
69.520	    72.1154
70.352	    69.7674
71.212	    65.2174
72.132	    60.7287
73.120	    66.9643
74.016	    69.4444
74.880	    69.1244
75.748	    63.8298
76.688	    65.2174
77.608	    69.7674
78.468	    71.0900
79.312	    63.8298
80.252	    66.3717
81.156	    73.5294
81.972	    70.0935
82.828	    61.7284
83.800	    63.0252
84.752	    72.1154
85.584	    70.0935
86.440	    71.0900
87.284	    68.1818
88.164	    63.2911
89.112	    67.2646
90.004	    68.4931
90.880	    69.7674
91.740	    65.2174
92.660	    63.0252
93.612	    69.1244
94.480	    72.1154
95.312	    71.0900
96.156	    63.2911
97.104	    63.8298
98.044	    73.5294
98.860	    72.4638
99.688	    70.4225
100.540	    64.6552
101.468	    66.0793
102.376	    72.8155
103.200	    73.5294
104.016	    66.9643
104.912	    65.5022
105.828	    67.5676
106.716	    73.8916
107.528	    72.4638
108.356	    65.7895
109.268	    66.0793
110.176	    73.8916
110.988	    71.7703
111.824	    71.0900
112.668	    67.2646
113.560	    69.1244
114.428	    70.7547
115.276	    70.7547
116.124	    65.7895
117.036	    67.2646
117.928	    75.3769
118.724	    71.4286
119.564	    72.1154
120.396	    70.0935
121.252	    67.8733
122.136	    70.0935
122.992	    71.7703
123.828	    71.0900
124.672	    65.7895
125.584	    69.1244
126.452	    74.6269
127.256	    73.8916
128.068	    71.4286
128.908	    66.9643
129.804	    69.7674
130.664	    75.0000
131.464	    71.7703
132.300	    71.4286
133.140	    70.7547
133.988	    73.5294
134.804	    73.8916
135.616	    67.5676
136.504	    69.4444
137.368	    76.1421
138.156	    75.3769
138.952	    75.3769
139.748	    75.0000
140.548	    82.4176
141.276	    83.7989
141.992	    80.2139
142.740	    78.1250
143.508	    72.4638
144.336	    67.2646
145.228	    67.5676
146.116	    73.1707
146.936	    77.3196
147.712	    77.7202
148.484	    72.4638
149.312	    61.2245
150.292	    68.1818
151.172	    73.8916
151.984	    71.7703
152.820	    70.7547
153.668	    70.7547
154.516	    73.1707
155.336	    73.8916
156.148	    71.4286
156.988	    63.8298
157.928	    75.0000
158.728	    74.2574
159.536	    73.5294
160.352	    67.8733
161.236	    68.4931
162.112	    75.3769
162.908	    73.5294
163.724	    72.4638
164.552	    69.4444
165.416	    65.7895
166.328	    69.4444
167.192	    72.8155
168.016	    70.4225
168.868	    64.3777
169.800	    68.8073
170.672	    76.5306
171.456	    73.5294
172.272	    67.5676
173.160	    68.1818
174.040	    67.5676
174.928	    75.7576
175.720	    72.8155
176.544	    71.0900
177.388	    64.1026
178.324	    69.1244
179.192	    70.0935
180.048	    72.4638
180.876	    70.4225
181.728	    72.1154
182.560	    71.4286
183.400	    75.0000
184.200	    76.9231
184.980	    76.9231
185.760	    71.7703
186.596	    69.4444
187.460	    73.5294
188.276	    73.1707
189.096	    70.4225
189.948	    65.5022
190.864	    71.4286
191.704	    74.2574
192.512	    73.5294
193.328	    68.4931
194.204	    73.5294
195.020	    78.1250
195.788	    77.7202
196.560	    77.7202
197.332	    71.7703
198.168	    71.0900
199.012	    78.5340
199.776	    81.0811
200.516	    81.0811
201.256	    76.5306
202.040	    67.2646
202.932	    67.2646
203.824	    70.4225
204.676	    75.3769
205.472	    73.5294
206.288	    69.4444
207.152	    66.0793
208.060	    71.7703
208.896	    76.5306
209.680	    76.5306
210.464	    72.4638
211.292	    68.4931
212.168	    71.0900
213.012	    75.7576
213.804	    74.6269
214.608	    71.4286
215.448	    67.2646
216.340	    73.5294
217.156	    75.0000
217.956	    71.4286
218.796	    63.5593
219.740	    67.5676
220.628	    75.7576
221.420	    73.5294
222.236	    69.1244
223.104	    68.8073
223.976	    68.1818
224.856	    75.7576
225.648	    75.7576
226.440	    68.8073
227.312	    64.9351
228.236	    66.3717
229.140	    75.7576
229.932	    76.1421
230.720	    69.4444
231.584	    69.4444
232.448	    69.7674
233.308	    78.9474
234.068	    75.0000
234.868	    68.4931
235.744	    69.4444
236.608	    70.7547
237.456	    76.9231
238.236	    67.2646
239.128	    68.1818
240.008	    68.8073
240.880	    75.7576
241.672	    66.9643
242.568	    67.2646
243.460	    66.9643
244.356	    73.5294
245.172	    73.5294
245.988	    66.9643
246.884	    69.1244
247.752	    68.1818
248.632	    75.3769
249.428	    72.4638
250.256	    71.4286
251.096	    64.3777
252.028	    65.2174
252.948	    68.4931
253.824	    76.5306
254.608	    66.3717
255.512	    66.9643
256.408	    67.5676
257.296	    74.6269
258.100	    71.0900
258.944	    67.5676
259.832	    64.3777
260.764	    64.3777
261.696	    70.0935
262.552	    73.5294
263.368	    71.7703
264.204	    64.9351
265.128	    76.1421
265.916	    75.0000
266.716	    68.4931
267.592	    67.5676
268.480	    66.6667
269.380	    74.6269
270.184	    72.4638
271.012	    64.9351
271.936	    65.7895
272.848	    73.8916
273.660	    72.4638
274.488	    74.2574
275.296	    70.0935
276.152	    65.7895
277.064	    70.0935
277.920	    71.0900
278.764	    70.7547
279.612	    64.9351
280.536	    68.4931
281.412	    72.8155
282.236	    74.2574
283.044	    71.7703
283.880	    66.9643
284.776	    69.4444
285.640	    70.7547
286.488	    71.0900
287.332	    66.9643
288.228	    66.3717
289.132	    67.5676
290.020	    74.2574
290.828	    73.8916
291.640	    69.1244
292.508	    69.1244
293.376	    68.1818
294.256	    76.1421
295.044	    73.8916
295.856	    66.9643
296.752	    64.9351
297.676	    73.1707
298.496	    70.0935
299.352	    67.8733
300.236	    60.9756
301.220	    64.1026
302.156	    67.8733
303.040	    74.6269
303.844	    64.1026
304.780	    65.5022
305.696	    65.5022
306.612	    74.6269
307.416	    73.1707
308.236	    70.4225
309.088	    63.8298
310.028	    64.6552
310.956	    74.6269
311.760	    71.7703
312.596	    70.7547
313.444	    61.7284
314.416	    63.8298
315.356	    73.8916
316.168	    72.8155
316.992	    66.3717
317.896	    66.6667
318.796	    69.1244
319.664	    71.0900
320.508	    67.5676
321.396	    64.3777
322.328	    65.5022
323.244	    73.5294
324.060	    72.1154
324.892	    67.8733
325.776	    66.6667
326.676	    64.9351
327.600	    72.4638
328.428	    73.5294
329.244	    66.9643
330.140	    66.9643
331.036	    69.7674
331.896	    76.9231
332.676	    78.9474
333.436	    76.5306
334.220	    71.0900
335.064	    65.2174
335.984	    70.7547
336.832	    75.0000
337.632	    71.0900
338.476	    67.5676
339.364	    71.4286
340.204	    71.7703
341.040	    71.7703
341.876	    66.6667
342.776	    69.7674
343.636	    71.4286
344.476	    73.5294
345.292	    72.4638
346.120	    68.4931
346.996	    67.2646
347.888	    75.0000
348.688	    75.3769
349.484	    70.4225
350.336	    70.0935
351.192	    73.5294
352.008	    78.5340
352.772	    78.9474
353.532	    78.1250
354.300	    71.4286
355.140	    71.4286
355.980	    73.8916
356.792	    76.9231
357.572	    73.1707
358.392	    70.4225
359.244	    69.1244
360.112	    72.8155
360.936	    76.5306
361.720	    74.2574
362.528	    72.4638
363.356	    73.5294
364.172	    74.6269
364.976	    77.7202
365.748	    75.0000
366.548	    71.0900
367.392	    71.0900
368.236	    75.3769
369.032	    77.7202
369.804	    75.0000
370.604	    71.0900
371.448	    71.4286
372.288	    75.7576
373.080	    78.1250
373.848	    75.7576
374.640	    72.1154
375.472	    70.7547
376.320	    73.5294
377.136	    75.3769
377.932	    71.0900
378.776	    69.1244
379.644	    71.0900
380.488	    76.5306
381.272	    76.9231
382.052	    73.5294
382.868	    69.4444
383.732	    72.1154
384.564	    77.7202
385.336	    76.5306
386.120	    71.0900
386.964	    68.8073
387.836	    73.8916
388.648	    76.9231
389.428	    74.6269
390.232	    69.7674
391.092	    69.4444
391.956	    73.1707
392.776	    74.2574
393.584	    68.4931
394.460	    67.8733
395.344	    67.5676
396.232	    74.2574
397.040	    73.5294
397.856	    67.2646
398.748	    67.8733
399.632	    69.4444
400.496	    77.3196
401.272	    76.1421
402.060	    71.0900
402.904	    71.4286
403.744	    69.7674
404.604	    73.1707
405.424	    74.6269
406.228	    72.1154
407.060	    68.4931
407.936	    69.7674
408.796	    76.5306
409.580	    70.0935
410.436	    71.4286
411.276	    67.5676
412.164	    70.4225
413.016	    75.7576
413.808	    70.7547
414.656	    68.8073
415.528	    66.3717
416.432	    69.4444
417.296	    73.8916
418.108	    67.2646
419.000	    65.5022
419.916	    66.9643
420.812	    74.2574
421.620	    70.4225
422.472	    69.7674
423.332	    67.5676
424.220	    66.6667
425.120	    71.0900
425.964	    76.9231
426.744	    69.7674
427.604	    68.1818
428.484	    66.9643
429.380	    71.0900
430.224	    73.1707
431.044	    75.3769
431.840	    70.4225
432.692	    64.3777
433.624	    70.4225
434.476	    76.1421
435.264	    69.1244
436.132	    67.2646
437.024	    68.8073
437.896	    72.1154
438.728	    73.5294
439.544	    71.4286
440.384	    68.8073
441.256	    72.4638
442.084	    71.0900
442.928	    66.9643
443.824	    66.3717
444.728	    71.7703
445.564	    73.1707
446.384	    73.5294
447.200	    72.4638
448.028	    66.6667
448.928	    71.4286
449.768	    72.4638
450.596	    73.1707
451.416	    68.4931
452.292	    64.9351
453.216	    75.0000
454.016	    72.4638
454.844	    67.8733
455.728	    68.1818
456.608	    67.5676
457.496	    74.2574
458.304	    73.5294
459.120	    72.1154
459.952	    66.3717
460.856	    70.4225
461.708	    76.5306
462.492	    69.7674
463.352	    71.4286
464.192	    70.0935
465.048	    69.1244
465.916	    71.7703
466.752	    70.7547
467.600	    67.2646
468.492	    66.3717
469.396	    73.8916
470.208	    69.7674
471.068	    68.4931
471.944	    66.0793
472.852	    66.3717
473.756	    69.4444
474.620	    71.0900
475.464	    69.7674
476.324	    64.6552
477.252	    67.2646
478.144	    71.0900
478.988	    77.3196
479.764	    75.0000
480.564	    68.8073
481.436	    66.6667
482.336	    65.5022
483.252	    74.2574
484.060	    69.7674
484.920	    66.3717
485.824	    66.6667
486.724	    68.1818
487.604	    69.1244
488.472	    66.9643
489.368	    65.2174
490.288	    68.8073
491.160	    70.0935
492.016	    67.2646
492.908	    65.5022
493.824	    65.7895
494.736	    70.4225
495.588	    71.7703
496.424	    64.1026
497.360	    66.3717
498.264	    73.5294
499.080	    70.0935
499.936	    68.1818
500.816	    64.9351
501.740	    62.5000
502.700	    69.1244
503.568	    71.0900
504.412	    67.8733
505.296	    69.1244
506.164	    67.5676
507.052	    75.3769
507.848	    71.7703
508.684	    71.7703
509.520	    67.5676
510.408	    64.3777
511.340	    68.8073
512.212	    70.0935
513.068	    63.5593
514.012	    65.7895
514.924	    73.5294
515.740	    71.4286
516.580	    70.4225
517.432	    63.5593
518.376	    67.5676
519.264	    74.6269
520.068	    67.2646
520.960	    67.2646
521.852	    64.3777
522.784	    69.1244
523.652	    74.2574
524.460	    65.7895
525.372	    66.3717
526.276	    67.2646
527.168	    75.0000
527.968	    66.6667
528.868	    65.7895
529.780	    64.1026
530.716	    73.8916
531.528	    71.0900
532.372	    69.7674
533.232	    61.4754
534.208	    64.3777
535.140	    71.7703
535.976	    69.7674
536.836	    68.1818
537.716	    63.2911
538.664	    63.0252
539.616	    69.7674
540.476	    71.4286
541.316	    71.0900
542.160	    66.0793
543.068	    66.9643
543.964	    74.6269
544.768	    71.0900
545.612	    69.1244
546.480	    63.8298
547.420	    63.5593
548.364	    67.2646
549.256	    68.1818
550.136	    67.5676
551.024	    66.3717
551.928	    66.9643
552.824	    71.0900
553.668	    72.1154
554.500	    64.6552
555.428	    66.0793
556.336	    70.4225
557.188	    76.1421
557.976	    66.9643
558.872	    65.5022
559.788	    65.7895
560.700	    73.8916
561.512	    70.0935
562.368	    64.9351
563.292	    64.1026
564.228	    69.4444
565.092	    72.4638
565.920	    75.0000
566.720	    68.8073
567.592	    68.1818
568.472	    70.0935
569.328	    75.7576
570.120	    66.6667
571.020	    66.6667
571.920	    66.3717
572.824	    74.6269
573.628	    71.4286
574.468	    63.8298
575.408	    67.2646
576.300	    77.3196
577.076	    74.6269
577.880	    74.2574
578.688	    69.1244
579.556	    69.7674
580.416	    70.4225
581.268	    75.0000
582.068	    74.2574
582.876	    72.1154
583.708	    69.7674
584.568	    69.7674
585.428	    73.5294
586.244	    74.6269
587.048	    72.1154
587.880	    66.9643
588.776	    72.8155
589.600	    78.1250
590.368	    71.4286
591.208	    72.1154
592.040	    70.4225
592.892	    73.8916
593.704	    75.0000
594.504	    71.4286
595.344	    69.1244
596.212	    68.4931
597.088	    75.3769
597.884	    69.4444
598.748	    70.4225
