1.208	    56.6038
2.268	    57.9151
3.304	    56.8182
4.360	    56.3910
5.424	    56.3910
6.488	    54.7445
7.584	    55.7621
8.660	    56.8182
9.716	    55.9701
10.788	    57.0342
11.840	    54.7445
12.936	    54.5455
14.036	    56.3910
15.100	    56.8182
16.156	    54.1516
17.264	    53.3808
18.388	    54.9451
19.480	    54.9451
20.572	    53.9568
21.684	    55.9701
22.756	    57.9151
23.792	    54.9451
24.884	    54.7445
25.980	    55.9701
27.052	    57.2519
28.100	    54.9451
29.192	    55.3506
30.276	    58.8235
31.296	    56.1798
32.364	    56.1798
33.432	    56.8182
34.488	    59.0551
35.504	    58.1395
36.536	    57.9151
37.572	    58.3658
38.600	    59.7610
39.604	    57.4713
40.648	    57.0342
41.700	    58.3658
42.728	    60.4839
43.720	    59.7610
44.724	    59.2885
45.736	    58.8235
46.756	    60.0000
47.756	    57.9151
48.792	    56.6038
49.852	    56.3910
50.916	    59.0551
51.932	    57.4713
52.976	    59.5238
53.984	    62.2407
54.948	    64.1026
55.884	    59.7610
56.888	    58.1395
57.920	    56.6038
58.980	    58.8235
60.000	    60.0000
61.000	    56.3910
62.064	    57.9151
63.100	    60.2410
64.096	    60.0000
65.096	    57.2519
66.144	    54.5455
67.244	    56.3910
68.308	    55.9701
69.380	    54.7445
70.476	    55.9701
71.548	    56.3910
72.612	    56.3910
73.676	    54.9451
74.768	    56.1798
75.836	    57.2519
76.884	    56.6038
77.944	    56.6038
79.004	    56.3910
80.068	    57.4713
81.112	    56.3910
82.176	    57.2519
83.224	    57.6923
84.264	    57.6923
85.304	    57.0342
86.356	    60.2410
87.352	    60.9756
88.336	    60.9756
89.320	    60.0000
90.320	    65.7895
91.232	    75.7576
92.024	    71.0900
92.868	    56.1798
93.936	    54.9451
95.028	    54.7445
96.124	    56.8182
97.180	    57.0342
98.232	    54.7445
99.328	    55.7621
100.404	    57.0342
101.456	    56.8182
102.512	    56.3910
103.576	    56.8182
104.632	    57.2519
105.680	    55.5556
106.760	    54.7445
107.856	    54.9451
108.948	    54.9451
110.040	    53.5714
111.160	    54.7445
112.256	    56.3910
113.320	    54.7445
114.416	    54.7445
115.512	    55.3506
116.596	    55.7621
117.672	    55.7621
118.748	    53.5714
119.868	    55.3506
120.952	    56.8182
122.008	    56.3910
123.072	    55.1471
124.160	    55.3506
125.244	    55.9701
126.316	    53.3808
127.440	    53.7634
128.556	    54.5455
129.656	    54.1516
130.764	    55.5556
131.844	    56.6038
132.904	    57.4713
133.948	    53.0035
135.080	    53.0035
136.212	    54.5455
137.312	    54.3478
138.416	    53.0035
139.548	    53.5714
140.668	    54.5455
141.768	    55.7621
142.844	    54.5455
143.944	    55.1471
145.032	    56.1798
146.100	    53.9568
147.212	    53.9568
148.324	    55.5556
149.404	    56.3910
150.468	    53.3808
151.592	    54.1516
152.700	    55.1471
153.788	    54.1516
154.896	    53.1915
156.024	    53.3808
157.148	    54.1516
158.256	    53.3808
159.380	    53.9568
160.492	    54.3478
161.596	    55.7621
162.672	    54.5455
163.772	    54.5455
164.872	    54.7445
165.968	    55.5556
167.048	    54.9451
168.140	    54.5455
169.240	    55.3506
170.324	    56.1798
171.392	    55.7621
172.468	    55.1471
173.556	    55.3506
174.640	    55.7621
175.716	    54.3478
176.820	    54.1516
177.928	    56.6038
178.988	    56.6038
180.048	    54.3478
181.152	    55.7621
182.228	    56.3910
183.292	    55.3506
184.376	    54.9451
185.468	    56.6038
186.528	    57.2519
187.576	    56.3910
188.640	    55.1471
189.728	    56.1798
190.796	    55.7621
191.872	    55.1471
192.960	    55.1471
194.048	    56.3910
195.112	    57.0342
196.164	    55.1471
197.252	    56.1798
198.320	    56.8182
199.376	    56.6038
200.436	    55.3506
201.520	    55.9701
202.592	    56.1798
203.660	    56.3910
204.724	    54.5455
205.824	    55.9701
206.896	    56.8182
207.952	    55.7621
209.028	    55.3506
210.112	    56.6038
211.172	    57.4713
212.216	    56.8182
213.272	    56.3910
214.336	    59.2885
215.348	    59.5238
216.356	    56.1798
217.424	    55.5556
218.504	    57.6923
219.544	    58.1395
220.576	    56.3910
221.640	    56.6038
222.700	    57.4713
223.744	    57.6923
224.784	    55.5556
225.864	    55.9701
226.936	    57.9151
227.972	    58.8235
228.992	    56.1798
230.060	    56.8182
231.116	    59.2885
232.128	    59.2885
233.140	    57.4713
234.184	    59.0551
235.200	    59.2885
236.212	    59.7610
237.216	    57.4713
238.260	    58.3658
239.288	    59.7610
240.292	    59.5238
241.300	    57.2519
242.348	    60.0000
243.348	    60.9756
244.332	    60.7287
245.320	    57.2519
246.368	    57.4713
247.412	    59.7610
248.416	    60.2410
249.412	    58.1395
250.444	    59.5238
251.452	    59.7610
252.456	    58.1395
253.488	    55.5556
254.568	    57.0342
255.620	    58.8235
256.640	    58.8235
257.660	    56.1798
258.728	    56.1798
259.796	    58.3658
260.824	    57.6923
261.864	    55.5556
262.944	    55.1471
264.032	    57.6923
265.072	    57.2519
266.120	    55.5556
267.200	    54.9451
268.292	    57.6923
269.332	    56.3910
270.396	    55.7621
271.472	    58.1395
272.504	    58.3658
273.532	    54.7445
274.628	    54.5455
275.728	    56.8182
276.784	    57.6923
277.824	    55.9701
278.896	    56.3910
279.960	    57.6923
281.000	    56.6038
282.060	    55.7621
283.136	    56.1798
284.204	    57.6923
285.244	    55.7621
286.320	    55.1471
287.408	    55.9701
288.480	    56.6038
289.540	    55.5556
290.620	    55.1471
291.708	    55.5556
292.788	    56.8182
293.844	    55.5556
294.924	    54.1516
296.032	    55.9701
297.104	    58.1395
298.136	    56.8182
299.192	    54.7445
300.288	    56.6038
301.348	    56.6038
302.408	    57.2519
303.456	    55.3506
304.540	    56.6038
305.600	    59.5238
306.608	    57.4713
307.652	    56.3910
308.716	    57.6923
309.756	    58.3658
310.784	    56.3910
311.848	    55.1471
312.936	    56.6038
313.996	    57.2519
315.044	    56.6038
316.104	    55.3506
317.188	    56.3910
318.252	    57.9151
319.288	    56.6038
320.348	    56.6038
321.408	    59.0551
322.424	    59.5238
323.432	    57.0342
324.484	    58.3658
325.512	    59.7610
326.516	    60.2410
327.512	    56.6038
328.572	    56.8182
329.628	    59.5238
330.636	    60.9756
331.620	    58.5937
332.644	    58.5937
333.668	    63.0252
334.620	    61.9835
335.588	    58.5937
336.612	    58.3658
337.640	    59.5238
338.648	    60.9756
339.632	    58.8235
340.652	    57.6923
341.692	    60.2410
342.688	    59.7610
343.692	    57.6923
344.732	    56.8182
345.788	    58.5937
346.812	    58.3658
347.840	    55.5556
348.920	    56.3910
349.984	    58.1395
351.016	    59.0551
352.032	    57.4713
353.076	    59.2885
354.088	    59.7610
355.092	    60.0000
356.092	    57.2519
357.140	    57.4713
358.184	    58.8235
359.204	    57.2519
360.252	    55.1471
361.340	    53.9568
362.452	    56.1798
363.520	    57.0342
364.572	    56.1798
365.640	    56.8182
366.696	    57.9151
367.732	    56.6038
368.792	    54.7445
369.888	    55.7621
370.964	    56.8182
372.020	    56.6038
373.080	    58.5937
374.104	    61.7284
375.076	    62.2407
376.040	    59.5238
377.048	    55.3506
378.132	    58.8235
379.152	    61.2245
380.132	    58.1395
381.164	    57.2519
382.212	    58.8235
383.232	    60.0000
384.232	    57.0342
385.284	    58.1395
386.316	    59.5238
387.324	    60.9756
388.308	    58.1395
389.340	    56.8182
390.396	    59.0551
391.412	    60.7287
392.400	    58.5937
393.424	    58.5937
394.448	    60.9756
395.432	    62.2407
396.396	    60.9756
397.380	    61.2245
398.360	    64.6552
399.288	    67.2646
400.180	    62.2407
401.144	    63.5593
402.088	    73.1707
402.908	    75.3769
403.704	    72.1154
404.536	    56.8182
405.592	    53.0035
406.724	    55.7621
407.800	    57.0342
408.852	    55.1471
409.940	    56.3910
411.004	    57.6923
412.044	    58.3658
413.072	    56.6038
414.132	    56.3910
415.196	    57.4713
416.240	    57.9151
417.276	    56.1798
418.344	    56.3910
419.408	    58.1395
420.440	    58.5937
421.464	    57.2519
422.512	    56.1798
423.580	    58.1395
424.612	    58.5937
425.636	    56.1798
426.704	    55.5556
427.784	    57.2519
428.832	    57.4713
429.876	    54.9451
430.968	    56.6038
432.028	    56.1798
433.096	    57.2519
434.144	    57.9151
435.180	    58.3658
436.208	    57.0342
437.260	    55.1471
438.348	    55.7621
439.424	    57.2519
440.472	    58.5937
441.496	    56.8182
442.552	    56.1798
443.620	    58.1395
444.652	    58.1395
445.684	    56.1798
446.752	    56.8182
447.808	    57.2519
448.856	    57.9151
449.892	    56.6038
450.952	    55.1471
452.040	    57.0342
453.092	    57.2519
454.140	    54.9451
455.232	    55.1471
456.320	    56.8182
457.376	    58.3658
458.404	    55.7621
459.480	    56.6038
460.540	    58.1395
461.572	    57.4713
462.616	    57.6923
463.656	    58.5937
464.680	    59.0551
465.696	    58.5937
466.720	    56.6038
467.780	    57.4713
468.824	    58.5937
469.848	    56.6038
470.908	    55.9701
471.980	    56.6038
473.040	    59.0551
474.056	    56.6038
475.116	    55.3506
476.200	    56.8182
477.256	    57.2519
478.304	    55.7621
479.380	    55.9701
480.452	    57.4713
481.496	    59.0551
482.512	    58.5937
483.536	    58.1395
484.568	    59.7610
485.572	    59.7610
486.576	    57.4713
487.620	    56.6038
488.680	    57.2519
489.728	    59.5238
490.736	    57.6923
491.776	    57.2519
492.824	    58.8235
493.844	    59.2885
494.856	    57.2519
495.904	    56.8182
496.960	    58.3658
497.988	    60.2410
498.984	    58.8235
500.004	    58.1395
501.036	    59.0551
502.052	    60.4839
503.044	    57.6923
504.084	    56.8182
505.140	    59.5238
506.148	    59.5238
507.156	    57.2519
508.204	    56.1798
509.272	    58.5937
510.296	    60.0000
511.296	    57.6923
512.336	    58.1395
513.368	    59.5238
514.376	    60.2410
515.372	    57.9151
516.408	    57.9151
517.444	    60.2410
518.440	    59.7610
519.444	    56.6038
520.504	    56.8182
521.560	    57.4713
522.604	    59.5238
523.612	    59.0551
524.628	    56.8182
525.684	    55.5556
526.764	    57.6923
527.804	    58.3658
528.832	    55.7621
529.908	    56.6038
530.968	    57.9151
532.004	    56.6038
533.064	    56.3910
534.128	    57.6923
535.168	    59.2885
536.180	    57.9151
537.216	    57.9151
538.252	    58.8235
539.272	    60.4839
540.264	    60.4839
541.256	    60.7287
542.244	    61.7284
543.216	    62.5000
544.176	    60.9756
545.160	    58.8235
546.180	    59.7610
547.184	    61.2245
548.164	    59.2885
549.176	    57.4713
550.220	    58.3658
551.248	    61.7284
552.220	    59.7610
553.224	    58.8235
554.244	    60.7287
555.232	    61.4754
556.208	    58.1395
557.240	    58.5937
558.264	    58.8235
559.284	    60.0000
560.284	    58.5937
561.308	    56.1798
562.376	    55.5556
563.456	    57.6923
564.496	    58.1395
565.528	    56.6038
566.588	    56.8182
567.644	    58.1395
568.676	    55.5556
569.756	    54.3478
570.860	    55.5556
571.940	    57.4713
572.984	    55.9701
574.056	    55.1471
575.144	    58.1395
576.176	    57.9151
577.212	    55.9701
578.284	    56.1798
579.352	    57.6923
580.392	    56.8182
581.448	    55.1471
582.536	    55.1471
583.624	    57.9151
584.660	    58.8235
585.680	    55.9701
586.752	    54.9451
587.844	    56.1798
588.912	    57.0342
589.964	    56.1798
591.032	    54.5455
592.132	    57.2519
593.180	    57.6923
594.220	    55.5556
595.300	    55.1471
596.388	    55.5556
597.468	    54.7445
598.564	    53.9568
