1.216	    71.0900
2.060	    77.3196
2.836	    80.6452
3.580	    81.5217
4.316	    79.7872
5.068	    76.9231
5.848	    70.7547
6.696	    67.8733
7.580	    68.1818
8.460	    67.2646
9.352	    66.0793
10.260	    62.2407
11.224	    59.5238
12.232	    60.4839
13.224	    64.3777
14.156	    69.4444
15.020	    68.8073
15.892	    60.9756
16.876	    55.7621
17.952	    56.3910
19.016	    59.2885
20.028	    59.5238
21.036	    58.3658
22.064	    57.4713
23.108	    59.0551
24.124	    59.2885
25.136	    59.2885
26.148	    59.0551
27.164	    58.1395
28.196	    57.0342
29.248	    57.4713
30.292	    60.4839
31.284	    61.2245
32.264	    60.0000
33.264	    58.8235
34.284	    60.4839
35.276	    60.2410
36.272	    59.0551
37.288	    57.9151
38.324	    58.5937
39.348	    58.8235
40.368	    59.2885
41.380	    59.0551
42.396	    60.7287
43.384	    62.5000
44.344	    59.0551
45.360	    55.1471
46.448	    54.9451
47.540	    58.1395
48.572	    58.3658
49.600	    58.3658
50.628	    60.2410
51.624	    60.7287
52.612	    57.9151
53.648	    56.3910
54.712	    57.2519
55.760	    58.8235
56.780	    58.8235
57.800	    58.1395
58.832	    60.0000
59.832	    61.7284
60.804	    59.0551
61.820	    55.9701
62.892	    57.6923
63.932	    60.9756
64.916	    58.8235
65.936	    55.9701
67.008	    57.4713
68.052	    59.5238
69.060	    57.9151
70.096	    55.7621
71.172	    57.9151
72.208	    58.3658
73.236	    57.6923
74.276	    57.6923
75.316	    59.2885
76.328	    60.7287
77.316	    58.1395
78.348	    57.2519
79.396	    59.0551
80.412	    60.2410
81.408	    59.0551
82.424	    58.5937
83.448	    61.4754
84.424	    61.9835
85.392	    60.9756
86.376	    58.8235
87.396	    60.0000
88.396	    61.7284
89.368	    60.4839
90.360	    59.0551
91.376	    59.5238
92.384	    60.2410
93.380	    59.7610
94.384	    57.6923
95.424	    59.2885
96.436	    62.2407
97.400	    62.2407
98.364	    60.7287
99.352	    58.3658
100.380	    58.8235
101.400	    62.2407
102.364	    60.9756
103.348	    60.2410
104.344	    61.2245
105.324	    60.2410
106.320	    60.4839
107.312	    60.9756
108.296	    62.5000
109.256	    61.4754
110.232	    59.2885
111.244	    58.5937
112.268	    60.0000
113.268	    62.2407
114.232	    62.5000
115.192	    60.2410
116.188	    60.9756
117.172	    62.5000
118.132	    60.4839
119.124	    58.5937
120.148	    60.4839
121.140	    61.7284
122.112	    63.2911
123.060	    63.8298
124.000	    63.0252
124.952	    61.7284
125.924	    58.1395
126.956	    57.6923
127.996	    62.2407
128.960	    71.7703
129.796	    73.8916
130.608	    68.1818
131.488	    64.6552
132.416	    65.2174
133.336	    66.3717
134.240	    62.7615
135.196	    60.0000
136.196	    60.2410
137.192	    64.9351
138.116	    66.6667
139.016	    65.2174
139.936	    62.7615
140.892	    61.2245
141.872	    61.9835
142.840	    60.2410
143.836	    58.5937
144.860	    59.2885
145.872	    61.7284
146.844	    61.9835
147.812	    61.2245
148.792	    60.2410
149.788	    61.2245
150.768	    60.7287
151.756	    60.2410
152.752	    60.7287
153.740	    63.5593
154.684	    62.7615
155.640	    62.2407
156.604	    60.7287
157.592	    61.9835
158.560	    61.4754
159.536	    60.9756
160.520	    61.4754
161.496	    63.8298
162.436	    65.5022
163.352	    64.1026
164.288	    61.4754
165.264	    61.2245
166.244	    64.1026
167.180	    64.1026
168.116	    61.2245
169.096	    60.7287
170.084	    63.0252
171.036	    66.6667
171.936	    64.6552
172.864	    62.7615
173.820	    62.2407
174.784	    63.0252
175.736	    62.5000
176.696	    61.7284
177.668	    63.2911
178.616	    65.2174
179.536	    64.6552
180.464	    61.4754
181.440	    60.9756
182.424	    61.4754
183.400	    63.0252
184.352	    60.9756
185.336	    60.0000
186.336	    60.2410
187.332	    61.4754
188.308	    64.1026
189.244	    69.1244
190.112	    74.6269
190.916	    77.3196
191.692	    73.1707
192.512	    64.6552
193.440	    59.5238
194.448	    60.7287
195.436	    62.2407
196.400	    61.9835
197.368	    64.3777
198.300	    67.2646
199.192	    71.0900
200.036	    69.4444
200.900	    64.9351
201.824	    64.6552
202.752	    67.5676
203.640	    66.0793
204.548	    64.6552
205.476	    64.6552
206.404	    66.0793
207.312	    67.2646
208.204	    64.6552
209.132	    61.4754
210.108	    63.2911
211.056	    66.9643
211.952	    67.8733
212.836	    65.2174
213.756	    64.6552
214.684	    63.5593
215.628	    64.9351
216.552	    64.9351
217.476	    63.0252
218.428	    64.6552
219.356	    63.8298
220.296	    64.3777
221.228	    64.1026
222.164	    65.7895
223.076	    68.1818
223.956	    67.2646
224.848	    62.2407
225.812	    60.9756
226.796	    62.5000
227.756	    64.6552
228.684	    64.3777
229.616	    64.1026
230.552	    65.5022
231.468	    67.2646
232.360	    66.9643
233.256	    64.6552
234.184	    64.9351
235.108	    65.5022
236.024	    65.5022
236.940	    63.2911
237.888	    62.5000
238.848	    65.2174
239.768	    68.4931
240.644	    68.1818
241.524	    64.3777
242.456	    61.9835
243.424	    64.1026
244.360	    66.6667
245.260	    64.6552
246.188	    63.0252
247.140	    65.5022
248.056	    69.7674
248.916	    67.8733
249.800	    62.2407
250.764	    59.2885
251.776	    61.7284
252.748	    65.2174
253.668	    66.9643
254.564	    65.5022
255.480	    64.9351
256.404	    62.2407
257.368	    60.9756
258.352	    60.2410
259.348	    60.7287
260.336	    63.0252
261.288	    62.2407
262.252	    60.7287
263.240	    61.4754
264.216	    63.2911
265.164	    63.2911
266.112	    62.2407
267.076	    64.3777
268.008	    66.6667
268.908	    64.9351
269.832	    61.4754
270.808	    59.7610
271.812	    62.5000
272.772	    64.1026
273.708	    65.5022
274.624	    64.6552
275.552	    63.8298
276.492	    64.9351
277.416	    60.7287
278.404	    57.6923
279.444	    61.7284
280.416	    66.6667
281.316	    66.6667
282.216	    64.6552
283.144	    60.2410
284.140	    63.2911
285.088	    65.5022
286.004	    66.9643
286.900	    64.6552
287.828	    62.7615
288.784	    61.7284
289.756	    60.2410
290.752	    60.9756
291.736	    63.2911
292.684	    66.3717
293.588	    64.9351
294.512	    62.2407
295.476	    61.4754
296.452	    63.2911
297.400	    62.7615
298.356	    61.9835
299.324	    63.2911
300.272	    64.9351
301.196	    65.7895
302.108	    63.2911
303.056	    63.0252
304.008	    64.6552
304.936	    66.6667
305.836	    64.6552
306.764	    63.8298
307.704	    66.6667
308.604	    68.8073
309.476	    69.1244
310.344	    64.6552
311.272	    61.2245
312.252	    62.7615
313.208	    65.5022
314.124	    64.9351
315.048	    64.1026
315.984	    66.0793
316.892	    69.1244
317.760	    69.7674
318.620	    65.5022
319.536	    59.2885
320.548	    60.4839
321.540	    63.5593
322.484	    64.6552
323.412	    63.8298
324.352	    65.5022
325.268	    68.4931
326.144	    67.2646
327.036	    63.5593
327.980	    62.5000
328.940	    62.7615
329.896	    60.9756
330.880	    61.2245
331.860	    63.5593
332.804	    66.6667
333.704	    69.1244
334.572	    65.2174
335.492	    62.2407
336.456	    62.7615
337.412	    64.6552
338.340	    64.9351
339.264	    62.7615
340.220	    63.5593
341.164	    67.2646
342.056	    70.0935
342.912	    67.2646
343.804	    63.0252
344.756	    65.2174
345.676	    68.1818
346.556	    67.5676
347.444	    63.8298
348.384	    64.6552
349.312	    66.9643
350.208	    69.1244
351.076	    67.5676
351.964	    66.0793
352.872	    69.4444
353.736	    71.4286
354.576	    70.7547
355.424	    66.0793
356.332	    65.5022
357.248	    67.2646
358.140	    67.8733
359.024	    67.2646
359.916	    65.2174
360.836	    69.4444
361.700	    72.8155
362.524	    72.8155
363.348	    67.5676
364.236	    62.2407
365.200	    62.2407
366.164	    64.1026
367.100	    63.0252
368.052	    63.0252
369.004	    65.7895
369.916	    68.8073
370.788	    69.1244
371.656	    64.1026
372.592	    60.7287
373.580	    63.5593
374.524	    66.6667
375.424	    65.5022
376.340	    64.3777
377.272	    64.9351
378.196	    68.1818
379.076	    66.9643
379.972	    62.2407
380.936	    61.7284
381.908	    65.7895
382.820	    68.1818
383.700	    65.2174
384.620	    63.8298
385.560	    64.1026
386.496	    65.5022
387.412	    65.5022
388.328	    63.5593
389.272	    62.5000
390.232	    65.2174
391.152	    66.9643
392.048	    64.9351
392.972	    62.5000
393.932	    63.5593
394.876	    63.0252
395.828	    61.9835
396.796	    62.5000
397.756	    65.7895
398.668	    66.3717
399.572	    66.3717
400.476	    65.5022
401.392	    64.1026
402.328	    65.2174
403.248	    65.7895
404.160	    63.2911
405.108	    61.7284
406.080	    62.7615
407.036	    64.6552
407.964	    64.6552
408.892	    64.3777
409.824	    63.2911
410.772	    65.7895
411.684	    64.3777
412.616	    63.5593
413.560	    62.7615
414.516	    64.1026
415.452	    63.8298
416.392	    63.8298
417.332	    63.2911
418.280	    64.6552
419.208	    67.2646
420.100	    66.9643
420.996	    64.9351
421.920	    63.2911
422.868	    64.1026
423.804	    66.0793
424.712	    63.8298
425.652	    63.5593
426.596	    65.5022
427.512	    67.8733
428.396	    72.8155
429.220	    79.3651
429.976	    72.8155
430.800	    64.9351
431.724	    61.2245
432.704	    60.2410
433.700	    61.7284
434.672	    64.1026
435.608	    68.8073
436.480	    67.5676
437.368	    64.9351
438.292	    62.2407
439.256	    62.5000
440.216	    60.9756
441.200	    59.5238
442.208	    59.0551
443.224	    60.9756
444.208	    63.0252
445.160	    63.8298
446.100	    63.5593
447.044	    63.8298
447.984	    61.4754
448.960	    60.7287
449.948	    60.9756
450.932	    61.9835
451.900	    63.5593
452.844	    64.3777
453.776	    61.9835
454.744	    60.0000
455.744	    62.7615
456.700	    63.8298
457.640	    62.2407
458.604	    61.4754
459.580	    63.5593
460.524	    63.2911
461.472	    59.5238
462.480	    59.2885
463.492	    60.7287
464.480	    61.9835
465.448	    60.9756
466.432	    60.2410
467.428	    62.2407
468.392	    65.5022
469.308	    64.9351
470.232	    63.2911
471.180	    61.7284
472.152	    61.7284
473.124	    60.9756
474.108	    59.5238
475.116	    60.7287
476.104	    63.8298
477.044	    65.7895
477.956	    63.8298
478.896	    62.2407
479.860	    59.5238
480.868	    61.7284
481.840	    61.2245
482.820	    61.2245
483.800	    63.8298
484.740	    65.2174
485.660	    64.9351
486.584	    60.9756
487.568	    59.5238
488.576	    59.5238
489.584	    58.8235
490.604	    59.0551
491.620	    59.5238
492.628	    60.0000
493.628	    60.0000
494.628	    60.9756
495.612	    60.7287
496.600	    62.7615
497.556	    63.5593
498.500	    60.9756
499.484	    58.5937
500.508	    61.7284
501.480	    64.3777
502.412	    64.1026
503.348	    62.5000
504.308	    61.9835
505.276	    61.2245
506.256	    59.0551
507.272	    59.2885
508.284	    60.4839
509.276	    62.2407
510.240	    61.4754
511.216	    60.9756
512.200	    60.4839
513.192	    61.9835
514.160	    63.2911
515.108	    62.7615
516.064	    60.4839
517.056	    60.7287
518.044	    62.2407
519.008	    61.4754
519.984	    62.2407
520.948	    63.5593
521.892	    63.5593
522.836	    61.9835
523.804	    59.2885
524.816	    58.8235
525.836	    61.9835
526.804	    66.3717
527.708	    64.6552
528.636	    60.7287
529.624	    58.8235
530.644	    58.8235
531.664	    58.8235
532.684	    58.1395
533.716	    60.4839
534.708	    63.2911
535.656	    63.0252
536.608	    60.2410
537.604	    63.0252
538.556	    63.5593
539.500	    62.5000
540.460	    60.2410
541.456	    62.5000
542.416	    63.2911
543.364	    63.2911
544.312	    63.2911
545.260	    62.7615
546.216	    62.5000
547.176	    61.7284
548.148	    61.7284
549.120	    62.2407
550.084	    66.0793
550.992	    68.1818
551.872	    64.9351
552.796	    61.4754
553.772	    59.2885
554.784	    60.9756
555.768	    62.5000
556.728	    61.7284
557.700	    61.2245
558.680	    61.7284
559.652	    61.4754
560.628	    60.4839
561.620	    60.4839
562.612	    63.0252
563.564	    66.3717
564.468	    64.3777
565.400	    62.2407
566.364	    63.5593
567.308	    65.7895
568.220	    62.5000
569.180	    61.2245
570.160	    64.6552
571.088	    67.5676
571.976	    69.7674
572.836	    64.9351
573.760	    61.9835
574.728	    64.3777
575.660	    68.1818
576.540	    66.6667
577.440	    63.5593
578.384	    64.9351
579.308	    66.6667
580.208	    67.5676
581.096	    65.2174
582.016	    64.1026
582.952	    66.6667
583.852	    69.4444
584.716	    67.5676
585.604	    65.7895
586.516	    64.6552
587.444	    67.2646
588.336	    70.7547
589.184	    68.1818
590.064	    65.7895
590.976	    64.1026
591.912	    62.2407
592.876	    61.2245
593.856	    59.7610
594.860	    63.8298
595.800	    69.1244
596.668	    68.1818
597.548	    64.6552
598.476	    61.7284
