1.400	    77.7202
2.172	    69.4444
3.036	    68.8073
3.908	    72.8155
4.732	    76.5306
5.516	    78.1250
6.284	    72.1154
7.116	    64.6552
8.044	    62.5000
9.004	    63.2911
9.952	    69.4444
10.816	    71.4286
11.656	    73.5294
12.472	    71.7703
13.308	    70.0935
14.164	    73.5294
14.980	    75.7576
15.772	    72.8155
16.596	    70.0935
17.452	    70.0935
18.308	    69.7674
19.168	    72.4638
19.996	    72.8155
20.820	    71.7703
21.656	    67.2646
22.548	    64.1026
23.484	    66.6667
24.384	    72.4638
25.212	    72.1154
26.044	    72.1154
26.876	    70.0935
27.732	    69.4444
28.596	    68.8073
29.468	    69.4444
30.332	    72.1154
31.164	    73.1707
31.984	    71.7703
32.820	    66.3717
33.724	    66.9643
34.620	    67.2646
35.512	    66.9643
36.408	    64.6552
37.336	    68.4931
38.212	    70.4225
39.064	    68.1818
39.944	    63.8298
40.884	    64.6552
41.812	    70.0935
42.668	    70.4225
43.520	    67.5676
44.408	    65.2174
45.328	    67.2646
46.220	    69.4444
47.084	    67.5676
47.972	    64.1026
48.908	    66.0793
49.816	    64.9351
50.740	    65.2174
51.660	    61.9835
52.628	    62.2407
53.592	    67.2646
54.484	    68.8073
55.356	    64.9351
56.280	    63.8298
57.220	    67.2646
58.112	    69.4444
58.976	    68.1818
59.856	    64.9351
60.780	    64.1026
61.716	    66.9643
62.612	    70.4225
63.464	    69.1244
64.332	    67.8733
65.216	    68.1818
66.096	    70.4225
66.948	    69.4444
67.812	    67.8733
68.696	    67.5676
69.584	    69.7674
70.444	    70.0935
71.300	    68.8073
72.172	    68.1818
73.052	    66.6667
73.952	    69.7674
74.812	    70.7547
75.660	    67.5676
76.548	    64.3777
77.480	    65.7895
78.392	    69.1244
79.260	    70.4225
80.112	    67.2646
81.004	    66.9643
81.900	    68.4931
82.776	    70.0935
83.632	    67.2646
84.524	    63.0252
85.476	    62.7615
86.432	    67.8733
87.316	    70.0935
88.172	    67.2646
89.064	    65.5022
89.980	    65.5022
90.896	    66.6667
91.796	    63.5593
92.740	    60.7287
93.728	    63.2911
94.676	    65.7895
95.588	    66.0793
96.496	    62.7615
97.452	    62.2407
98.416	    65.5022
99.332	    66.9643
100.228	    66.0793
101.136	    66.0793
102.044	    67.8733
102.928	    69.4444
103.792	    67.8733
104.676	    61.2245
105.656	    63.0252
106.608	    67.2646
107.500	    69.1244
108.368	    67.5676
109.256	    66.3717
110.160	    69.4444
111.024	    71.7703
111.860	    67.8733
112.744	    66.9643
113.640	    71.4286
114.480	    76.5306
115.264	    72.8155
116.088	    63.5593
117.032	    59.7610
118.036	    62.2407
119.000	    66.3717
119.904	    67.2646
120.796	    64.6552
121.724	    61.4754
122.700	    63.8298
123.640	    68.4931
124.516	    70.4225
125.368	    64.9351
126.292	    59.7610
127.296	    64.3777
128.228	    66.3717
129.132	    67.2646
130.024	    68.1818
130.904	    71.0900
131.748	    71.7703
132.584	    66.6667
133.484	    56.8182
134.540	    59.5238
135.548	    64.3777
136.480	    66.3717
137.384	    61.7284
138.356	    60.7287
139.344	    64.6552
140.272	    65.7895
141.184	    62.5000
142.144	    60.2410
143.140	    61.9835
144.108	    65.2174
145.028	    64.6552
145.956	    60.7287
146.944	    64.3777
147.876	    67.5676
148.764	    67.5676
149.652	    62.7615
150.608	    64.6552
151.536	    66.9643
152.432	    69.1244
153.300	    65.7895
154.212	    59.7610
155.216	    62.5000
156.176	    65.2174
157.096	    66.0793
158.004	    60.4839
158.996	    62.7615
159.952	    66.0793
160.860	    67.8733
161.744	    64.3777
162.676	    59.5238
163.684	    63.0252
164.636	    65.5022
165.552	    66.9643
166.448	    61.4754
167.424	    61.2245
168.404	    64.9351
169.328	    66.0793
170.236	    60.9756
171.220	    61.7284
172.192	    66.9643
173.088	    66.3717
173.992	    62.7615
174.948	    61.9835
175.916	    65.7895
176.828	    68.4931
177.704	    64.9351
178.628	    61.4754
179.604	    64.3777
180.536	    67.8733
181.420	    69.7674
182.280	    64.9351
183.204	    62.7615
184.160	    63.8298
185.100	    66.9643
185.996	    67.2646
186.888	    64.3777
187.820	    66.6667
188.720	    68.8073
189.592	    71.7703
190.428	    75.3769
191.224	    75.7576
192.016	    76.1421
192.804	    75.3769
193.600	    71.4286
194.440	    58.8235
195.460	    57.6923
196.500	    60.9756
197.484	    64.3777
198.416	    63.5593
199.360	    59.7610
200.364	    62.5000
201.324	    66.6667
202.224	    65.5022
203.140	    60.4839
204.132	    63.0252
205.084	    67.5676
205.972	    66.9643
206.868	    59.7610
207.872	    62.5000
208.832	    66.3717
209.736	    68.4931
210.612	    65.5022
211.528	    64.3777
212.460	    67.5676
213.348	    70.7547
214.196	    72.4638
215.024	    68.4931
215.900	    66.3717
216.804	    68.4931
217.680	    70.0935
218.536	    68.8073
219.408	    62.5000
220.368	    64.3777
221.300	    67.2646
222.192	    68.4931
223.068	    62.5000
224.028	    62.5000
224.988	    64.9351
225.912	    67.8733
226.796	    67.8733
227.680	    60.4839
228.672	    64.3777
229.604	    67.8733
230.488	    70.0935
231.344	    67.5676
232.232	    62.5000
233.192	    66.0793
234.100	    69.4444
234.964	    69.1244
235.832	    56.6038
236.892	    60.9756
237.876	    66.6667
238.776	    70.4225
239.628	    66.9643
240.524	    63.2911
241.472	    67.8733
242.356	    71.7703
243.192	    70.7547
244.040	    59.2885
245.052	    62.7615
246.008	    68.4931
246.884	    69.7674
247.744	    61.7284
248.716	    59.7610
249.720	    64.9351
250.644	    70.0935
251.500	    75.7576
252.292	    79.7872
253.044	    78.1250
253.812	    76.9231
254.592	    75.7576
255.384	    69.7674
256.244	    58.3658
257.272	    60.9756
258.256	    63.2911
259.204	    65.5022
260.120	    57.4713
261.164	    57.6923
262.204	    60.7287
263.192	    64.3777
264.124	    65.5022
265.040	    58.5937
266.064	    60.9756
267.048	    63.5593
267.992	    63.0252
268.944	    57.0342
269.996	    60.4839
270.988	    63.2911
271.936	    63.0252
272.888	    58.5937
273.912	    61.9835
274.880	    65.7895
275.792	    66.9643
276.688	    58.1395
277.720	    62.5000
278.680	    67.2646
279.572	    67.5676
280.460	    60.9756
281.444	    62.2407
282.408	    66.0793
283.316	    66.3717
284.220	    65.7895
285.132	    59.0551
286.148	    60.0000
287.148	    64.9351
288.072	    69.4444
288.936	    65.7895
289.848	    58.1395
290.880	    62.5000
291.840	    64.9351
292.764	    60.7287
293.752	    59.7610
294.756	    62.7615
295.712	    66.6667
296.612	    66.0793
297.520	    60.4839
298.512	    62.2407
299.476	    64.3777
300.408	    66.3717
301.312	    62.2407
302.276	    61.4754
303.252	    63.8298
304.192	    66.3717
305.096	    65.2174
306.016	    58.8235
307.036	    61.7284
308.008	    65.7895
308.920	    63.8298
309.860	    59.5238
310.868	    62.7615
311.824	    65.5022
312.740	    64.6552
313.668	    58.8235
314.688	    61.4754
315.664	    65.2174
316.584	    67.2646
317.476	    66.0793
318.384	    59.2885
319.396	    62.5000
320.356	    67.5676
321.244	    64.6552
322.172	    57.2519
323.220	    62.5000
324.180	    66.0793
325.088	    67.2646
325.980	    59.7610
326.984	    62.2407
327.948	    66.6667
328.848	    68.8073
329.720	    64.3777
330.652	    58.5937
331.676	    62.2407
332.640	    66.0793
333.548	    67.8733
334.432	    57.4713
335.476	    60.2410
336.472	    65.2174
337.392	    67.8733
338.276	    63.8298
339.216	    60.7287
340.204	    64.6552
341.132	    68.8073
342.004	    73.8916
342.816	    73.8916
343.628	    71.0900
344.472	    66.3717
345.376	    59.0551
346.392	    61.4754
347.368	    63.8298
348.308	    66.9643
349.204	    68.1818
350.084	    63.5593
351.028	    60.4839
352.020	    63.2911
352.968	    64.6552
353.896	    65.7895
354.808	    59.7610
355.812	    63.2911
356.760	    66.6667
357.660	    67.5676
358.548	    61.4754
359.524	    61.7284
360.496	    63.8298
361.436	    69.7674
362.296	    66.3717
363.200	    67.2646
364.092	    68.8073
364.964	    70.4225
365.816	    71.4286
366.656	    68.1818
367.536	    63.5593
368.480	    68.4931
369.356	    71.4286
370.196	    72.4638
371.024	    63.8298
371.964	    65.2174
372.884	    69.1244
373.752	    70.7547
374.600	    68.8073
375.472	    60.2410
376.468	    63.0252
377.420	    66.9643
378.316	    70.7547
379.164	    66.6667
380.064	    56.6038
381.124	    62.2407
382.088	    64.9351
383.012	    66.3717
383.916	    71.0900
384.760	    76.1421
385.548	    81.0811
386.288	    78.9474
387.048	    74.6269
387.852	    70.7547
388.700	    67.5676
389.588	    67.8733
390.472	    66.9643
391.368	    60.2410
392.364	    60.0000
393.364	    62.7615
394.320	    66.6667
395.220	    66.6667
396.120	    60.0000
397.120	    62.2407
398.084	    65.2174
399.004	    65.7895
399.916	    59.0551
400.932	    58.8235
401.952	    63.5593
402.896	    67.5676
403.784	    63.8298
404.724	    62.2407
405.688	    65.5022
406.604	    69.1244
407.472	    71.0900
408.316	    69.7674
409.176	    64.1026
410.112	    66.9643
411.008	    70.4225
411.860	    69.7674
412.720	    60.2410
413.716	    63.0252
414.668	    67.8733
415.552	    71.4286
416.392	    71.0900
417.236	    67.8733
418.120	    66.9643
419.016	    72.4638
419.844	    74.6269
420.648	    67.2646
421.540	    62.7615
422.496	    66.0793
423.404	    69.4444
424.268	    64.1026
425.204	    63.5593
426.148	    67.2646
427.040	    69.7674
427.900	    70.0935
428.756	    66.3717
429.660	    63.8298
430.600	    68.4931
431.476	    71.7703
432.312	    76.1421
433.100	    76.9231
433.880	    76.9231
434.660	    75.7576
435.452	    68.8073
436.324	    61.2245
437.304	    63.2911
438.252	    66.3717
439.156	    67.5676
440.044	    71.0900
440.888	    73.8916
441.700	    74.6269
442.504	    75.0000
443.304	    73.8916
444.116	    72.1154
444.948	    66.9643
445.844	    59.0551
446.860	    62.5000
447.820	    66.0793
448.728	    68.1818
449.608	    63.8298
450.548	    62.7615
451.504	    65.5022
452.420	    68.4931
453.296	    69.1244
454.164	    66.9643
455.060	    65.5022
455.976	    69.4444
456.840	    71.4286
457.680	    70.7547
458.528	    61.9835
459.496	    65.2174
460.416	    69.1244
461.284	    71.0900
462.128	    70.4225
462.980	    66.6667
463.880	    66.9643
464.776	    70.7547
465.624	    74.2574
466.432	    74.6269
467.236	    71.0900
468.080	    62.5000
469.040	    60.9756
470.024	    62.7615
470.980	    64.1026
471.916	    68.1818
472.796	    68.8073
473.668	    63.5593
474.612	    62.5000
475.572	    67.2646
476.464	    71.0900
477.308	    69.7674
478.168	    70.0935
479.024	    70.0935
479.880	    72.4638
480.708	    71.0900
481.552	    61.9835
482.520	    62.5000
483.480	    66.6667
484.380	    70.4225
485.232	    68.1818
486.112	    69.4444
486.976	    69.7674
487.836	    71.0900
488.680	    73.1707
489.500	    73.1707
490.320	    74.6269
491.124	    76.1421
491.912	    75.7576
492.704	    73.5294
493.520	    68.1818
494.400	    65.2174
495.320	    66.6667
496.220	    69.1244
497.088	    68.8073
497.960	    66.0793
498.868	    62.5000
499.828	    63.0252
500.780	    66.6667
501.680	    69.7674
502.540	    73.5294
503.356	    73.5294
504.172	    67.2646
505.064	    66.3717
505.968	    67.5676
506.856	    64.9351
507.780	    61.9835
508.748	    64.3777
509.680	    68.1818
510.560	    68.4931
511.436	    64.9351
512.360	    63.5593
513.304	    66.6667
514.204	    69.1244
515.072	    69.1244
515.940	    63.5593
516.884	    65.5022
517.800	    67.8733
518.684	    69.1244
519.552	    64.3777
520.484	    65.7895
521.396	    68.4931
522.272	    71.7703
523.108	    70.4225
523.960	    66.6667
524.860	    68.1818
525.740	    71.0900
526.584	    71.7703
527.420	    68.4931
528.296	    69.1244
529.164	    69.7674
530.024	    71.4286
530.864	    70.0935
531.720	    67.2646
532.612	    67.5676
533.500	    70.0935
534.356	    71.4286
535.196	    71.4286
536.036	    68.4931
536.912	    67.5676
537.800	    70.0935
538.656	    71.4286
539.496	    71.7703
540.332	    69.4444
541.196	    68.4931
542.072	    69.7674
542.932	    70.4225
543.784	    67.5676
544.672	    64.9351
545.596	    67.2646
546.488	    69.7674
547.348	    70.7547
548.196	    67.8733
549.080	    68.1818
549.960	    69.4444
550.824	    70.0935
551.680	    67.5676
552.568	    67.2646
553.460	    69.4444
554.324	    71.4286
555.164	    69.7674
556.024	    64.3777
556.956	    63.0252
557.908	    64.9351
558.832	    67.5676
559.720	    68.4931
560.596	    64.3777
561.528	    64.9351
562.452	    67.2646
563.344	    66.6667
564.244	    66.0793
565.152	    64.9351
566.076	    65.7895
566.988	    67.8733
567.872	    67.5676
568.760	    68.4931
569.636	    66.9643
570.532	    69.1244
571.400	    70.4225
572.252	    69.7674
573.112	    63.5593
574.056	    65.5022
574.972	    68.4931
575.848	    67.8733
576.732	    66.6667
577.632	    65.7895
578.544	    65.7895
579.456	    66.9643
580.352	    66.6667
581.252	    65.2174
582.172	    66.6667
583.072	    69.1244
583.940	    69.7674
584.800	    69.1244
585.668	    66.3717
586.572	    67.5676
587.460	    70.7547
588.308	    70.0935
589.164	    66.6667
590.064	    65.7895
590.976	    69.4444
591.840	    69.7674
592.700	    68.8073
593.572	    68.1818
594.452	    68.4931
595.328	    70.0935
596.184	    68.8073
597.056	    65.2174
597.976	    65.5022
598.892	    65.5022
