2.468	    43.6046
3.844	    47.1698
5.116	    48.0769
6.364	    47.6190
7.624	    52.6316
8.764	    60.4839
9.756	    64.3777
10.688	    65.7895
11.600	    62.2407
12.564	    54.5455
13.664	    51.0204
14.840	    46.5839
16.128	    46.7290
17.412	    54.7445
18.508	    62.7615
19.464	    58.5937
20.488	    55.7621
21.564	    58.1395
22.596	    59.2885
23.608	    58.8235
24.628	    53.0035
25.760	    43.1035
27.152	    46.2963
28.448	    45.5927
29.764	    47.7707
31.020	    49.6689
32.228	    48.2315
33.472	    47.7707
34.728	    47.9233
35.980	    49.6689
37.188	    45.5927
38.504	    46.4396
39.796	    47.1698
41.068	    41.6667
42.508	    45.4545
43.828	    48.7013
45.060	    43.7318
46.432	    46.0123
47.736	    51.5464
48.900	    42.9799
50.296	    42.8571
51.696	    44.9102
53.032	    42.3729
54.448	    43.6046
55.824	    46.7290
57.108	    40.0000
58.608	    40.7609
60.080	    47.7707
61.336	    47.0219
62.612	    40.7609
64.084	    44.9102
65.420	    43.7318
66.792	    41.5512
68.236	    45.7317
69.548	    45.0450
70.880	    45.4545
72.200	    49.1803
73.420	    46.0123
74.724	    44.7761
76.064	    47.3186
77.332	    44.1176
78.692	    42.9799
80.088	    46.7290
81.372	    45.3172
82.696	    44.7761
84.036	    48.3871
85.276	    49.5050
86.488	    44.5104
87.836	    48.7013
89.068	    53.1915
90.196	    50.5051
91.384	    47.1698
92.656	    51.0204
93.832	    50.8475
95.012	    44.2478
96.368	    49.8339
97.572	    51.3699
98.740	    44.7761
100.080	    48.3871
101.320	    48.8599
102.548	    44.9102
103.884	    47.1698
105.156	    52.6316
106.296	    47.0219
107.572	    46.2963
108.868	    47.3186
110.136	    47.6190
111.396	    44.1176
112.756	    49.1803
113.976	    46.8750
115.256	    42.7350
116.660	    47.3186
117.928	    50.3356
119.120	    46.7290
120.404	    49.0196
121.628	    47.3186
122.896	    44.7761
124.236	    46.7290
125.520	    51.7241
126.680	    48.2315
127.924	    46.0123
129.228	    51.1945
130.400	    51.9031
131.556	    44.5104
132.904	    48.0769
134.152	    50.3356
135.344	    45.8716
136.652	    46.7290
137.936	    52.4476
139.080	    50.5051
140.268	    46.4396
141.560	    51.0204
142.736	    49.5050
143.948	    47.4684
145.212	    49.0196
146.436	    51.0204
147.612	    46.8750
148.892	    47.9233
150.144	    50.0000
151.344	    47.1698
152.616	    47.7707
153.872	    50.0000
155.072	    51.5464
156.236	    47.6190
157.496	    50.8475
158.676	    51.9031
159.832	    46.2963
161.128	    47.7707
162.384	    50.6757
163.568	    52.8169
164.704	    45.3172
166.028	    46.8750
167.308	    50.1672
168.504	    48.5437
169.740	    50.0000
170.940	    53.3808
172.064	    46.8750
173.344	    49.3421
174.560	    51.5464
175.724	    47.4684
176.988	    47.7707
178.244	    48.2315
179.488	    53.9568
180.600	    54.1516
181.708	    55.3506
182.792	    59.2885
183.804	    62.5000
184.764	    62.5000
185.724	    59.0551
186.740	    58.8235
187.760	    55.7621
188.836	    53.3808
189.960	    55.3506
191.044	    59.0551
192.060	    56.1798
193.128	    51.7241
194.288	    55.9701
195.360	    60.0000
196.360	    56.3910
197.424	    56.8182
198.480	    54.9451
199.572	    58.5937
200.596	    59.5238
201.604	    57.4713
202.648	    61.9835
203.616	    62.7615
204.572	    62.5000
205.532	    58.3658
206.560	    60.4839
207.552	    58.5937
208.576	    53.1915
209.704	    51.5464
210.868	    54.1516
211.976	    54.5455
213.076	    51.7241
214.236	    53.7634
215.352	    56.8182
216.408	    58.1395
217.440	    53.3808
218.564	    54.3478
219.668	    55.1471
220.756	    57.6923
221.796	    51.9031
222.952	    54.3478
224.056	    58.8235
225.076	    57.2519
226.124	    55.9701
227.196	    60.2410
228.192	    59.0551
229.208	    54.3478
230.312	    52.0833
231.464	    54.7445
232.560	    56.6038
233.620	    53.5714
234.740	    55.1471
235.828	    56.8182
236.884	    54.9451
237.976	    54.7445
239.072	    59.2885
240.084	    60.2410
241.080	    57.2519
242.128	    56.8182
243.184	    57.9151
244.220	    61.4754
245.196	    61.4754
246.172	    56.1798
247.240	    58.5937
248.264	    63.0252
249.216	    60.9756
250.200	    58.8235
251.220	    60.0000
252.220	    63.2911
253.168	    63.2911
254.116	    58.5937
255.140	    57.2519
256.188	    59.2885
257.200	    60.9756
258.184	    58.3658
259.212	    57.0342
260.264	    61.4754
261.240	    59.2885
262.252	    55.7621
263.328	    56.3910
264.392	    60.9756
265.376	    63.0252
266.328	    59.7610
267.332	    55.9701
268.404	    58.5937
269.428	    59.7610
270.432	    57.2519
271.480	    57.2519
272.528	    58.5937
273.552	    60.7287
274.540	    61.2245
275.520	    56.8182
276.576	    59.5238
277.584	    59.2885
278.596	    55.5556
279.676	    56.1798
280.744	    61.2245
281.724	    63.0252
282.676	    60.0000
283.676	    64.9351
284.600	    69.4444
285.464	    68.1818
286.344	    62.2407
287.308	    53.0035
288.440	    55.3506
289.524	    55.9701
290.596	    51.3699
291.764	    51.1945
292.936	    54.7445
294.032	    56.8182
295.088	    53.0035
296.220	    51.0204
297.396	    57.9151
298.432	    59.5238
299.440	    51.9031
300.596	    52.2648
301.744	    55.3506
302.828	    52.2648
303.976	    50.0000
305.176	    53.3808
306.300	    53.9568
307.412	    51.1945
308.584	    48.8599
309.812	    50.0000
311.012	    49.1803
312.232	    48.0769
313.480	    49.5050
314.692	    50.8475
315.872	    47.7707
317.128	    47.6190
318.388	    52.4476
319.532	    53.7634
320.648	    49.0196
321.872	    50.8475
323.052	    53.0035
324.184	    50.5051
325.372	    49.1803
326.592	    54.9451
327.684	    53.3808
328.808	    49.5050
330.020	    51.3699
331.188	    50.8475
332.368	    48.8599
333.596	    49.8339
334.800	    55.9701
335.872	    55.1471
336.960	    47.1698
338.232	    53.3808
339.356	    56.6038
340.416	    49.0196
341.640	    48.0769
342.888	    53.1915
344.016	    56.3910
345.080	    51.0204
346.256	    48.0769
347.504	    50.0000
348.704	    48.3871
349.944	    52.6316
351.084	    52.2648
352.232	    50.1672
353.428	    49.1803
354.648	    51.5464
355.812	    55.7621
356.888	    50.6757
358.072	    51.3699
359.240	    54.7445
360.336	    55.3506
361.420	    50.3356
362.612	    49.0196
363.836	    53.1915
364.964	    52.6316
366.104	    51.0204
367.280	    48.5437
368.516	    49.0196
369.740	    47.1698
371.012	    46.5839
372.300	    49.6689
373.508	    47.1698
374.780	    46.0123
376.084	    52.2648
377.232	    54.7445
378.328	    53.5714
379.448	    49.8339
380.652	    51.3699
381.820	    49.6689
383.028	    47.7707
384.284	    52.6316
385.424	    53.3808
386.548	    50.0000
387.748	    51.5464
388.912	    53.9568
390.024	    48.3871
391.264	    48.5437
392.500	    53.1915
393.628	    52.0833
394.780	    46.5839
396.068	    48.0769
397.316	    50.8475
398.496	    48.0769
399.744	    47.6190
401.004	    51.7241
402.164	    52.0833
403.316	    45.7317
404.628	    50.6757
405.812	    55.1471
406.900	    44.2478
408.256	    44.7761
409.596	    52.6316
410.736	    51.0204
411.912	    46.8750
413.192	    46.1538
414.492	    46.5839
415.780	    45.8716
417.088	    50.0000
418.288	    45.5927
419.604	    42.8571
421.004	    47.3186
422.272	    47.4684
423.536	    46.4396
424.828	    49.8339
426.032	    50.0000
427.232	    44.1176
428.592	    46.7290
429.876	    49.3421
431.092	    47.6190
432.352	    49.8339
433.556	    49.0196
434.780	    44.1176
436.140	    47.3186
437.408	    51.9031
438.564	    50.6757
439.748	    45.3172
441.072	    49.6689
442.280	    51.7241
443.440	    47.9233
444.692	    49.0196
445.916	    51.9031
447.072	    48.3871
448.312	    43.9883
449.676	    43.7318
451.048	    44.5104
452.396	    44.6429
453.740	    47.3186
455.008	    48.3871
456.248	    45.3172
457.572	    48.0769
458.820	    47.6190
460.080	    44.6429
461.424	    46.4396
462.716	    47.6190
463.976	    45.8716
465.284	    45.3172
466.608	    47.6190
467.868	    46.7290
469.152	    48.7013
470.384	    52.0833
471.536	    47.4684
472.800	    44.7761
474.140	    46.8750
475.420	    48.0769
476.668	    47.0219
477.944	    47.6190
479.204	    52.2648
480.352	    47.3186
481.620	    45.5927
482.936	    48.3871
484.176	    46.2963
485.472	    44.7761
486.812	    50.5051
488.000	    49.5050
489.212	    52.8169
490.348	    53.7634
491.464	    58.3658
492.492	    59.2885
493.504	    50.1672
494.700	    51.0204
495.876	    54.1516
496.984	    50.3356
498.176	    50.5051
499.364	    51.3699
500.532	    48.3871
501.772	    48.3871
503.012	    51.3699
504.180	    51.1945
505.352	    49.1803
506.572	    51.7241
507.732	    56.8182
508.788	    51.1945
509.960	    50.1672
511.156	    51.9031
512.312	    46.8750
513.592	    44.7761
514.932	    48.3871
516.172	    51.1945
517.344	    49.5050
518.556	    50.8475
519.736	    50.5051
520.924	    43.8596
522.292	    41.8994
523.724	    45.8716
525.032	    46.2963
526.328	    49.6689
527.536	    49.6689
528.744	    49.6689
529.952	    46.4396
531.244	    43.4783
532.624	    47.6190
533.884	    43.8596
535.252	    44.5104
536.600	    48.8599
537.828	    47.6190
539.088	    44.1176
540.448	    48.2315
541.692	    49.5050
542.904	    47.0219
544.180	    44.6429
545.524	    46.2963
546.820	    45.5927
548.136	    50.8475
549.316	    54.9451
550.408	    47.4684
551.672	    47.6190
552.932	    49.1803
554.152	    49.0196
555.376	    51.3699
556.544	    50.3356
557.736	    50.0000
558.936	    43.4783
560.316	    47.9233
561.568	    46.0123
562.872	    45.0450
564.204	    47.7707
565.460	    49.3421
566.676	    46.4396
567.968	    46.2963
569.264	    53.5714
570.384	    55.9701
571.456	    55.5556
572.536	    48.3871
573.776	    50.5051
574.964	    46.8750
576.244	    48.0769
577.492	    52.0833
578.644	    53.7634
579.760	    54.3478
580.864	    51.9031
582.020	    53.9568
583.132	    53.7634
584.248	    52.2648
585.396	    53.3808
586.520	    53.5714
587.640	    53.0035
588.772	    52.8169
589.908	    55.5556
590.988	    56.6038
592.048	    60.2410
593.044	    56.8182
594.100	    55.7621
595.176	    55.9701
596.248	    58.8235
597.268	    64.6552
598.196	    61.9835
