1.492	    63.5593
2.436	    62.5000
3.396	    58.5937
4.420	    60.9756
5.404	    60.4839
6.396	    60.9756
7.380	    61.7284
8.352	    67.5676
9.240	    74.6269
10.044	    70.4225
10.896	    49.8339
12.100	    54.9451
13.192	    61.4754
14.168	    67.8733
15.052	    71.7703
15.888	    59.0551
16.904	    59.7610
17.908	    72.4638
18.736	    72.8155
19.560	    51.3699
20.728	    55.5556
21.808	    59.2885
22.820	    67.2646
23.712	    68.4931
24.588	    55.9701
25.660	    56.1798
26.728	    67.8733
27.612	    55.9701
28.684	    55.7621
29.760	    62.7615
30.716	    68.8073
31.588	    57.2519
32.636	    56.1798
33.704	    64.1026
34.640	    66.0793
35.548	    56.3910
36.612	    57.0342
37.664	    61.4754
38.640	    63.5593
39.584	    53.5714
40.704	    55.5556
41.784	    61.4754
42.760	    66.3717
43.664	    52.6316
44.804	    55.5556
45.884	    59.7610
46.888	    64.1026
47.824	    57.9151
48.860	    54.7445
49.956	    60.9756
50.940	    64.3777
51.872	    56.8182
52.928	    58.1395
53.960	    62.2407
54.924	    61.4754
55.900	    54.3478
57.004	    55.5556
58.084	    60.7287
59.072	    60.0000
60.072	    56.8182
61.128	    57.6923
62.168	    62.2407
63.132	    60.2410
64.128	    55.5556
65.208	    60.0000
66.208	    61.9835
67.176	    58.8235
68.196	    53.7634
69.312	    57.4713
70.356	    59.0551
71.372	    57.6923
72.412	    60.0000
73.412	    63.5593
74.356	    62.7615
75.312	    56.3910
76.376	    55.1471
77.464	    56.8182
78.520	    57.0342
79.572	    57.0342
80.624	    56.6038
81.684	    62.5000
82.644	    65.2174
83.564	    56.1798
84.632	    55.3506
85.716	    61.9835
86.684	    59.2885
87.696	    54.7445
88.792	    55.1471
89.880	    61.2245
90.860	    58.3658
91.888	    56.8182
92.944	    58.5937
93.968	    60.0000
94.968	    60.9756
95.952	    60.9756
96.936	    60.7287
97.924	    60.4839
98.916	    57.0342
99.968	    55.9701
101.040	    57.0342
102.092	    60.2410
103.088	    60.4839
104.080	    73.5294
104.896	    75.7576
105.688	    68.4931
106.564	    68.4931
107.440	    71.4286
108.280	    77.7202
109.052	    74.6269
109.856	    73.1707
110.676	    72.4638
111.504	    62.5000
112.464	    61.2245
113.444	    63.5593
114.388	    68.4931
115.264	    67.5676
116.152	    59.0551
117.168	    62.5000
118.128	    67.5676
119.016	    75.7576
119.808	    75.3769
120.604	    60.2410
121.600	    58.1395
122.632	    65.2174
123.552	    67.2646
124.444	    56.1798
125.512	    55.3506
126.596	    61.7284
127.568	    65.7895
128.480	    54.3478
129.584	    55.9701
130.656	    59.7610
131.660	    61.9835
132.628	    53.9568
133.740	    53.7634
134.856	    61.9835
135.824	    60.2410
136.820	    55.3506
137.904	    56.3910
138.968	    62.7615
139.924	    61.4754
140.900	    55.1471
141.988	    57.6923
143.028	    62.5000
143.988	    55.1471
145.076	    54.1516
146.184	    58.5937
147.208	    60.2410
148.204	    53.9568
149.316	    53.1915
150.444	    61.4754
151.420	    63.0252
152.372	    54.1516
153.480	    52.6316
154.620	    60.9756
155.604	    59.5238
156.612	    51.5464
157.776	    55.9701
158.848	    62.5000
159.808	    61.2245
160.788	    54.7445
161.884	    53.7634
163.000	    62.2407
163.964	    59.7610
164.968	    53.9568
166.080	    54.9451
167.172	    63.0252
168.124	    60.0000
169.124	    53.7634
170.240	    56.8182
171.296	    63.2911
172.244	    58.5937
173.268	    54.3478
174.372	    56.3910
175.436	    64.6552
176.364	    69.1244
177.232	    53.5714
178.352	    54.3478
179.456	    62.5000
180.416	    57.9151
181.452	    55.1471
182.540	    57.4713
183.584	    62.2407
184.548	    59.0551
185.564	    55.3506
186.648	    59.2885
187.660	    60.7287
188.648	    56.1798
189.716	    54.3478
190.820	    58.3658
191.848	    61.9835
192.816	    56.8182
193.872	    55.1471
194.960	    60.9756
195.944	    61.4754
196.920	    55.9701
197.992	    55.3506
199.076	    60.4839
200.068	    61.7284
201.040	    56.3910
202.104	    55.7621
203.180	    60.0000
204.180	    59.0551
205.196	    53.0035
206.328	    53.3808
207.452	    58.8235
208.472	    55.9701
209.544	    54.3478
210.648	    55.5556
211.728	    59.0551
212.744	    60.4839
213.736	    53.5714
214.856	    54.5455
215.956	    58.3658
216.984	    59.0551
218.000	    52.2648
219.148	    53.7634
220.264	    59.2885
221.276	    57.6923
222.316	    55.7621
223.392	    58.8235
224.412	    61.9835
225.380	    58.3658
226.408	    53.0035
227.540	    56.6038
228.600	    61.2245
229.580	    58.1395
230.612	    55.3506
231.696	    57.4713
232.740	    59.2885
233.752	    53.9568
234.864	    54.5455
235.964	    58.8235
236.984	    62.7615
237.940	    55.5556
239.020	    54.1516
240.128	    58.8235
241.148	    62.2407
242.112	    56.6038
243.172	    54.1516
244.280	    58.5937
245.304	    60.9756
246.288	    55.1471
247.376	    54.3478
248.480	    59.2885
249.492	    59.7610
250.496	    55.5556
251.576	    54.9451
252.668	    59.7610
253.672	    60.4839
254.664	    54.3478
255.768	    55.9701
256.840	    60.0000
257.840	    60.2410
258.836	    55.1471
259.924	    54.1516
261.032	    59.2885
262.044	    56.6038
263.104	    53.5714
264.224	    56.8182
265.280	    61.9835
266.248	    62.5000
267.208	    56.6038
268.268	    56.8182
269.324	    60.9756
270.308	    58.1395
271.340	    55.7621
272.416	    58.1395
273.448	    64.3777
274.380	    62.2407
275.344	    57.9151
276.380	    55.9701
277.452	    60.2410
278.448	    61.2245
279.428	    58.5937
280.452	    58.3658
281.480	    63.8298
282.420	    61.4754
283.396	    57.6923
284.436	    56.3910
285.500	    61.2245
286.480	    62.5000
287.440	    53.7634
288.556	    55.7621
289.632	    63.5593
290.576	    56.1798
291.644	    54.9451
292.736	    60.7287
293.724	    66.9643
294.620	    56.8182
295.676	    51.0204
296.852	    58.8235
297.872	    59.7610
298.876	    55.1471
299.964	    57.4713
301.008	    61.7284
301.980	    63.5593
302.924	    57.4713
303.968	    55.5556
305.048	    61.9835
306.016	    60.9756
307.000	    55.5556
308.080	    54.3478
309.184	    59.2885
310.196	    63.2911
311.144	    57.2519
312.192	    55.1471
313.280	    59.0551
314.296	    61.4754
315.272	    55.3506
316.356	    55.3506
317.440	    60.4839
318.432	    60.7287
319.420	    55.1471
320.508	    57.4713
321.552	    61.4754
322.528	    61.9835
323.496	    55.3506
324.580	    53.3808
325.704	    61.2245
326.684	    62.5000
327.644	    59.0551
328.660	    57.2519
329.708	    56.3910
330.772	    62.7615
331.728	    58.5937
332.752	    50.6757
333.936	    59.7610
334.940	    62.5000
335.900	    61.2245
336.880	    55.9701
337.952	    62.7615
338.908	    68.4931
339.784	    58.3658
340.812	    57.6923
341.852	    59.0551
342.868	    64.1026
343.804	    56.1798
344.872	    57.0342
345.924	    61.9835
346.892	    70.0935
347.748	    68.8073
348.620	    52.6316
349.760	    57.0342
350.812	    69.1244
351.680	    67.8733
352.564	    53.5714
353.684	    56.3910
354.748	    62.5000
355.708	    57.4713
356.752	    53.9568
357.864	    57.9151
358.900	    73.1707
359.720	    69.7674
360.580	    48.0769
361.828	    55.1471
362.916	    63.5593
363.860	    65.2174
364.780	    50.6757
365.964	    55.3506
367.048	    64.3777
367.980	    63.8298
368.920	    53.9568
370.032	    54.5455
371.132	    61.4754
372.108	    59.5238
373.116	    53.3808
374.240	    57.4713
375.284	    59.5238
376.292	    60.2410
377.288	    59.0551
378.304	    60.2410
379.300	    63.5593
380.244	    64.9351
381.168	    54.9451
382.260	    53.5714
383.380	    61.4754
384.356	    61.9835
385.324	    53.1915
386.452	    54.7445
387.548	    63.2911
388.496	    66.9643
389.392	    53.7634
390.508	    54.9451
391.600	    63.5593
392.544	    69.4444
393.408	    59.2885
394.420	    51.5464
395.584	    59.0551
396.600	    61.7284
397.572	    57.4713
398.616	    55.9701
399.688	    58.5937
400.712	    60.4839
401.704	    60.9756
402.688	    57.0342
403.740	    58.1395
404.772	    59.0551
405.788	    59.7610
406.792	    63.2911
407.740	    67.5676
408.628	    60.2410
409.624	    48.8599
410.852	    57.4713
411.896	    62.5000
412.856	    53.5714
413.976	    55.1471
415.064	    66.3717
415.968	    72.4638
416.796	    50.1672
417.992	    54.7445
419.088	    63.0252
420.040	    75.7576
420.832	    58.8235
421.852	    50.3356
423.044	    57.6923
424.084	    70.7547
424.932	    65.7895
425.844	    49.6689
427.052	    56.1798
428.120	    62.2407
429.084	    55.9701
430.156	    51.7241
431.316	    53.9568
432.428	    56.8182
433.484	    60.0000
434.484	    54.3478
435.588	    54.5455
436.688	    57.6923
437.728	    53.7634
438.844	    53.5714
439.964	    55.3506
441.048	    60.2410
442.044	    57.2519
443.092	    54.1516
444.200	    60.2410
445.196	    62.7615
446.152	    50.3356
447.344	    51.7241
448.504	    54.3478
449.608	    55.3506
450.692	    59.2885
451.704	    57.2519
452.752	    56.3910
453.816	    57.4713
454.860	    55.7621
455.936	    56.1798
457.004	    58.8235
458.024	    55.3506
459.108	    54.5455
460.208	    56.8182
461.264	    61.7284
462.236	    71.4286
463.076	    70.4225
463.928	    51.7241
465.088	    65.2174
466.008	    66.0793
466.916	    54.5455
468.016	    55.3506
469.100	    63.2911
470.048	    62.2407
471.012	    52.4476
472.156	    54.9451
473.248	    64.6552
474.176	    73.1707
474.996	    62.7615
475.952	    53.0035
477.084	    57.4713
478.128	    67.8733
479.012	    64.1026
479.948	    51.5464
481.112	    56.3910
482.176	    59.7610
483.180	    54.7445
484.276	    54.3478
485.380	    61.2245
486.360	    64.9351
487.284	    52.4476
488.428	    51.9031
489.584	    62.5000
490.544	    53.5714
491.664	    53.5714
492.784	    57.6923
493.824	    59.0551
494.840	    53.5714
495.960	    55.7621
497.036	    63.8298
497.976	    62.7615
498.932	    55.1471
500.020	    54.9451
501.112	    60.4839
502.104	    53.7634
503.220	    52.2648
504.368	    54.9451
505.460	    60.4839
506.452	    57.0342
507.504	    52.4476
508.648	    56.8182
509.704	    60.7287
510.692	    55.5556
511.772	    52.8169
512.908	    58.5937
513.932	    60.0000
514.932	    55.5556
516.012	    54.1516
517.120	    57.9151
518.156	    60.0000
519.156	    54.3478
520.260	    55.1471
521.348	    60.7287
522.336	    64.6552
523.264	    55.3506
524.348	    52.6316
525.488	    59.2885
526.500	    62.5000
527.460	    53.9568
528.572	    52.8169
529.708	    59.2885
530.720	    60.0000
531.720	    53.1915
532.848	    54.9451
533.940	    55.9701
535.012	    55.9701
536.084	    53.7634
537.200	    55.5556
538.280	    60.2410
539.276	    61.2245
540.256	    54.7445
541.352	    54.1516
542.460	    59.2885
543.472	    59.7610
544.476	    53.1915
545.604	    53.1915
546.732	    61.2245
547.712	    59.0551
548.728	    54.3478
549.832	    59.5238
550.840	    64.6552
551.768	    56.1798
552.836	    54.3478
553.940	    58.8235
554.960	    61.9835
555.928	    54.5455
557.028	    54.9451
558.120	    60.9756
559.104	    65.5022
560.020	    55.7621
561.096	    54.1516
562.204	    57.0342
563.256	    64.9351
564.180	    57.0342
565.232	    52.6316
566.372	    58.8235
567.392	    65.7895
568.304	    54.9451
569.396	    51.7241
570.556	    59.0551
571.572	    65.2174
572.492	    58.5937
573.516	    56.1798
574.584	    57.2519
575.632	    63.8298
576.572	    61.9835
577.540	    53.5714
578.660	    56.3910
579.724	    62.7615
580.680	    64.1026
581.616	    54.9451
582.708	    56.1798
583.776	    64.9351
584.700	    66.3717
585.604	    57.0342
586.656	    57.0342
587.708	    66.9643
588.604	    66.3717
589.508	    54.9451
590.600	    57.0342
591.652	    63.2911
592.600	    59.2885
593.612	    53.7634
594.728	    58.3658
595.756	    60.4839
596.748	    56.3910
597.812	    55.7621
598.888	    58.8235
