1.636	    59.5238
2.644	    55.1471
3.732	    60.4839
4.724	    67.5676
5.612	    70.0935
6.468	    59.2885
7.480	    55.3506
8.564	    60.9756
9.548	    71.4286
10.388	    65.2174
11.308	    61.2245
12.288	    67.2646
13.180	    62.2407
14.144	    89.8204
14.812	    75.0000
15.612	    72.4638
16.440	    68.1818
17.320	    73.8916
18.132	    72.4638
18.960	    68.1818
19.840	    67.8733
20.724	    68.1818
21.604	    62.5000
22.564	    54.7445
23.660	    53.5714
24.780	    56.1798
25.848	    54.5455
26.948	    49.3421
28.164	    53.7634
29.280	    52.0833
30.432	    49.0196
31.656	    47.4684
32.920	    50.1672
34.116	    49.5050
35.328	    48.7013
36.560	    51.7241
37.720	    53.0035
38.852	    46.4396
40.144	    47.1698
41.416	    52.0833
42.568	    49.1803
43.788	    49.3421
45.004	    52.0833
46.156	    52.8169
47.292	    48.0769
48.540	    50.8475
49.720	    55.1471
50.808	    49.6689
52.016	    50.0000
53.216	    53.1915
54.344	    54.5455
55.444	    48.3871
56.684	    49.0196
57.908	    54.1516
59.016	    50.8475
60.196	    54.9451
61.288	    67.8733
62.172	    72.1154
63.004	    67.5676
63.892	    46.1538
65.192	    51.7241
66.352	    58.8235
67.372	    56.1798
68.440	    49.6689
69.648	    50.8475
70.828	    55.7621
71.904	    54.1516
73.012	    52.0833
74.164	    55.5556
75.244	    60.9756
76.228	    51.5464
77.392	    47.6190
78.652	    53.7634
79.768	    53.7634
80.884	    49.5050
82.096	    51.7241
83.256	    55.5556
84.336	    55.1471
85.424	    52.6316
86.564	    56.6038
87.624	    60.4839
88.616	    59.2885
89.628	    62.5000
90.588	    70.0935
91.444	    60.4839
92.436	    50.1672
93.632	    50.6757
94.816	    55.5556
95.896	    60.4839
96.888	    55.5556
97.968	    54.5455
99.068	    56.1798
100.136	    59.2885
101.148	    55.3506
102.232	    53.9568
103.344	    57.2519
104.392	    61.4754
105.368	    53.5714
106.488	    48.8599
107.716	    53.9568
108.828	    56.1798
109.896	    50.6757
111.080	    51.7241
112.240	    55.9701
113.312	    54.1516
114.420	    50.6757
115.604	    53.1915
116.732	    55.5556
117.812	    51.3699
118.980	    50.1672
120.176	    52.2648
121.324	    50.8475
122.504	    50.1672
123.700	    56.6038
124.760	    58.8235
125.780	    47.7707
127.036	    47.6190
128.296	    53.1915
129.424	    54.7445
130.520	    50.6757
131.704	    53.3808
132.828	    57.6923
133.868	    55.9701
134.940	    50.8475
136.120	    52.8169
137.256	    59.7610
138.260	    62.2407
139.224	    49.8339
140.428	    52.4476
141.572	    58.3658
142.600	    58.1395
143.632	    55.7621
144.708	    66.6667
145.608	    63.8298
146.548	    51.7241
147.708	    48.3871
148.948	    50.8475
150.128	    56.6038
151.188	    51.9031
152.344	    51.1945
153.516	    54.1516
154.624	    58.8235
155.644	    52.8169
156.780	    52.0833
157.932	    55.7621
159.008	    56.8182
160.064	    47.0219
161.340	    47.7707
162.596	    52.4476
163.740	    53.3808
164.864	    49.0196
166.088	    52.0833
167.240	    57.4713
168.284	    49.0196
169.508	    48.8599
170.736	    52.8169
171.872	    54.7445
172.968	    48.2315
174.212	    49.6689
175.420	    55.3506
176.504	    49.5050
177.716	    50.5051
178.904	    57.6923
179.944	    57.4713
180.988	    50.0000
182.188	    52.0833
183.340	    59.2885
184.352	    51.5464
185.516	    50.8475
186.696	    54.9451
187.788	    55.3506
188.872	    49.8339
190.076	    52.8169
191.212	    60.0000
192.212	    53.1915
193.340	    50.8475
194.520	    51.5464
195.684	    56.6038
196.744	    52.0833
197.896	    51.9031
199.052	    56.6038
200.112	    58.8235
201.132	    49.6689
202.340	    51.9031
203.496	    59.2885
204.508	    60.0000
205.508	    52.8169
206.644	    51.5464
207.808	    56.3910
208.872	    58.1395
209.904	    51.0204
211.080	    50.8475
212.260	    58.1395
213.292	    52.6316
214.432	    49.6689
215.640	    51.9031
216.796	    55.9701
217.868	    50.5051
219.056	    51.5464
220.220	    55.9701
221.292	    60.0000
222.292	    51.1945
223.464	    50.1672
224.660	    56.3910
225.724	    56.6038
226.784	    49.8339
227.988	    50.1672
229.184	    55.9701
230.256	    54.3478
231.360	    49.8339
232.564	    51.7241
233.724	    57.6923
234.764	    51.7241
235.924	    50.6757
237.108	    55.1471
238.196	    56.3910
239.260	    50.1672
240.456	    51.3699
241.624	    57.2519
242.672	    53.5714
243.792	    48.2315
245.036	    49.1803
246.256	    55.9701
247.328	    52.2648
248.476	    48.8599
249.704	    47.9233
250.956	    49.6689
252.164	    47.9233
253.416	    53.0035
254.548	    50.3356
255.740	    49.5050
256.952	    52.6316
258.092	    55.1471
259.180	    50.5051
260.368	    50.1672
261.564	    51.5464
262.728	    52.6316
263.868	    49.6689
265.076	    51.0204
266.252	    55.1471
267.340	    54.3478
268.444	    48.7013
269.676	    51.1945
270.848	    54.3478
271.952	    50.5051
273.140	    49.5050
274.352	    54.5455
275.452	    54.1516
276.560	    48.0769
277.808	    50.1672
279.004	    55.3506
280.088	    53.7634
281.204	    47.6190
282.464	    52.2648
283.612	    55.1471
284.700	    50.3356
285.892	    48.7013
287.124	    53.5714
288.244	    53.5714
289.364	    49.8339
290.568	    53.5714
291.688	    54.7445
292.784	    48.5437
294.020	    49.5050
295.232	    55.5556
296.312	    53.5714
297.432	    47.7707
298.688	    48.5437
299.924	    54.9451
301.016	    55.9701
302.088	    47.4684
303.352	    50.5051
304.540	    53.3808
305.664	    49.5050
306.876	    50.8475
308.056	    55.9701
309.128	    54.9451
310.220	    48.8599
311.448	    51.9031
312.604	    54.7445
313.700	    48.8599
314.928	    48.3871
316.168	    54.5455
317.268	    56.1798
318.336	    49.1803
319.556	    49.0196
320.780	    54.9451
321.872	    51.1945
323.044	    48.5437
324.280	    53.5714
325.400	    56.1798
326.468	    49.1803
327.688	    49.3421
328.904	    57.0342
329.956	    54.5455
331.056	    48.3871
332.296	    54.5455
333.396	    60.0000
334.396	    47.1698
335.668	    49.1803
336.888	    50.8475
338.068	    49.5050
339.280	    50.1672
340.476	    49.6689
341.684	    52.0833
342.836	    51.7241
343.996	    47.9233
345.248	    50.1672
346.444	    54.5455
347.544	    50.0000
348.744	    49.8339
349.948	    56.3910
351.012	    53.3808
352.136	    55.3506
353.220	    58.5937
354.244	    58.3658
355.272	    54.7445
356.368	    65.7895
357.280	    65.2174
358.200	    65.5022
359.116	    63.0252
360.068	    51.7241
361.228	    50.8475
362.408	    55.7621
363.484	    57.0342
364.536	    53.5714
365.656	    54.5455
366.756	    56.6038
367.816	    55.1471
368.904	    48.3871
370.144	    49.3421
371.360	    51.3699
372.528	    49.6689
373.736	    49.3421
374.952	    50.5051
376.140	    50.6757
377.324	    46.7290
378.608	    48.3871
379.848	    51.3699
381.016	    48.3871
382.256	    48.7013
383.488	    50.1672
384.684	    50.0000
385.884	    47.1698
387.156	    51.5464
388.320	    54.7445
389.416	    45.4545
390.736	    46.5839
392.024	    50.6757
393.208	    48.2315
394.452	    48.5437
395.688	    51.9031
396.844	    51.7241
398.004	    48.0769
399.252	    50.1672
400.448	    53.5714
401.568	    49.6689
402.776	    50.1672
403.972	    53.1915
405.100	    55.5556
406.180	    50.6757
407.364	    50.8475
408.544	    54.5455
409.644	    51.3699
410.812	    48.0769
412.060	    51.0204
413.236	    52.6316
414.376	    47.6190
415.636	    47.6190
416.896	    50.0000
418.096	    48.3871
419.336	    49.6689
420.544	    51.7241
421.704	    55.7621
422.780	    44.7761
424.120	    46.2963
425.416	    53.5714
426.536	    51.5464
427.700	    50.0000
428.900	    55.7621
429.976	    60.9756
430.960	    57.4713
432.004	    56.1798
433.072	    60.9756
434.056	    63.8298
434.996	    56.8182
436.052	    52.6316
437.192	    59.7610
438.196	    63.5593
439.140	    54.7445
440.236	    52.4476
441.380	    59.0551
442.396	    63.2911
443.344	    55.5556
444.424	    53.7634
445.540	    59.5238
446.548	    61.9835
447.516	    53.0035
448.648	    52.6316
449.788	    57.2519
450.836	    61.9835
451.804	    54.5455
452.904	    52.4476
454.048	    60.0000
455.048	    59.2885
456.060	    56.8182
457.116	    52.8169
458.252	    58.5937
459.276	    59.5238
460.284	    51.3699
461.452	    53.9568
462.564	    61.4754
463.540	    56.1798
464.608	    47.7707
465.864	    51.1945
467.036	    57.2519
468.084	    53.1915
469.212	    49.8339
470.416	    56.3910
471.480	    54.3478
472.584	    49.0196
473.808	    52.8169
474.944	    54.5455
476.044	    47.0219
477.320	    47.9233
478.572	    52.2648
479.720	    55.3506
480.804	    49.8339
482.008	    47.6190
483.268	    51.0204
484.444	    52.0833
485.596	    46.5839
486.884	    48.5437
488.120	    52.8169
489.256	    50.3356
490.448	    49.0196
491.672	    51.9031
492.828	    54.7445
493.924	    44.1176
495.284	    46.4396
496.576	    48.8599
497.804	    47.9233
499.056	    49.0196
500.280	    54.5455
501.380	    52.0833
502.532	    50.6757
503.716	    58.5937
504.740	    62.2407
505.704	    53.9568
506.816	    52.0833
507.968	    66.6667
508.868	    68.4931
509.744	    60.4839
510.736	    46.1538
512.036	    50.6757
513.220	    60.4839
514.212	    55.3506
515.296	    51.7241
516.456	    55.3506
517.540	    58.8235
518.560	    51.3699
519.728	    52.2648
520.876	    60.4839
521.868	    59.2885
522.880	    47.4684
524.144	    51.1945
525.316	    56.8182
526.372	    49.1803
527.592	    46.0123
528.896	    53.1915
530.024	    52.0833
531.176	    46.4396
532.468	    47.4684
533.732	    51.3699
534.900	    47.0219
536.176	    46.8750
537.456	    48.7013
538.688	    53.0035
539.820	    45.8716
541.128	    47.4684
542.392	    48.5437
543.628	    49.0196
544.852	    46.0123
546.156	    48.5437
547.392	    51.3699
548.560	    45.4545
549.880	    49.8339
551.084	    54.7445
552.180	    47.7707
553.436	    49.0196
554.660	    55.7621
555.736	    49.0196
556.960	    47.6190
558.220	    54.3478
559.324	    55.3506
560.408	    45.5927
561.724	    47.9233
562.976	    54.5455
564.076	    49.5050
565.288	    47.6190
566.548	    53.1915
567.676	    50.3356
568.868	    46.7290
570.152	    51.1945
571.324	    54.7445
572.420	    44.6429
573.764	    46.0123
575.068	    53.7634
576.184	    50.0000
577.384	    49.1803
578.604	    49.1803
579.824	    54.9451
580.916	    46.1538
582.216	    45.1807
583.544	    49.8339
584.748	    50.5051
585.936	    46.5839
587.224	    50.5051
588.412	    54.7445
589.508	    49.6689
590.716	    49.1803
591.936	    53.9568
593.048	    54.1516
594.156	    50.6757
595.340	    50.0000
596.540	    54.3478
597.644	    49.0196
