1.312	    64.9351
2.236	    63.5593
3.180	    62.7615
4.136	    61.7284
5.108	    62.7615
6.064	    60.4839
7.056	    61.4754
8.032	    64.6552
8.960	    61.9835
9.928	    62.7615
10.884	    62.5000
11.844	    60.9756
12.828	    63.2911
13.776	    62.5000
14.736	    63.5593
15.680	    68.1818
16.560	    66.6667
17.460	    68.8073
18.332	    66.9643
19.228	    66.6667
20.128	    65.7895
21.040	    63.2911
21.988	    62.7615
22.944	    63.5593
23.888	    63.2911
24.836	    59.7610
25.840	    60.2410
26.836	    62.5000
27.796	    62.2407
28.760	    61.4754
29.736	    63.8298
30.676	    65.2174
31.596	    61.7284
32.568	    66.0793
33.476	    61.7284
34.448	    60.9756
35.432	    60.2410
36.428	    64.1026
37.364	    60.7287
38.352	    60.0000
39.352	    61.2245
40.332	    58.5937
41.356	    57.0342
42.408	    58.8235
43.428	    57.4713
44.472	    57.4713
45.516	    56.8182
46.572	    56.3910
47.636	    59.0551
48.652	    59.2885
49.664	    58.8235
50.684	    59.5238
51.692	    58.8235
52.712	    59.7610
53.716	    58.8235
54.736	    57.6923
55.776	    60.9756
56.760	    59.2885
57.772	    57.9151
58.808	    57.9151
59.844	    61.9835
60.812	    60.4839
61.804	    58.5937
62.828	    60.0000
63.828	    64.1026
64.764	    62.2407
65.728	    59.2885
66.740	    59.5238
67.748	    61.4754
68.724	    61.9835
69.692	    60.0000
70.692	    59.7610
71.696	    63.0252
72.648	    61.2245
73.628	    60.4839
74.620	    65.5022
75.536	    68.4931
76.412	    68.8073
77.284	    64.1026
78.220	    61.4754
79.196	    61.2245
80.176	    60.9756
81.160	    62.5000
82.120	    63.8298
83.060	    62.2407
84.024	    61.2245
85.004	    61.4754
85.980	    65.2174
86.900	    63.5593
87.844	    62.7615
88.800	    62.7615
89.756	    64.1026
90.692	    63.5593
91.636	    61.9835
92.604	    60.7287
93.592	    62.5000
94.552	    64.1026
95.488	    61.9835
96.456	    61.9835
97.424	    63.8298
98.364	    63.5593
99.308	    60.7287
100.296	    60.4839
101.288	    62.5000
102.248	    65.5022
103.164	    63.8298
104.104	    62.2407
105.068	    61.9835
106.036	    66.3717
106.940	    63.0252
107.892	    61.4754
108.868	    63.0252
109.820	    62.2407
110.784	    62.5000
111.744	    61.7284
112.716	    63.5593
113.660	    61.9835
114.628	    62.7615
115.584	    63.8298
116.524	    70.0935
117.380	    66.3717
118.284	    68.8073
119.156	    67.5676
120.044	    65.7895
120.956	    66.0793
121.864	    68.1818
122.744	    65.5022
123.660	    63.8298
124.600	    68.8073
125.472	    71.0900
126.316	    65.2174
127.236	    61.7284
128.208	    60.7287
129.196	    61.9835
130.164	    66.3717
131.068	    63.2911
132.016	    61.9835
132.984	    62.5000
133.944	    64.3777
134.876	    64.9351
135.800	    60.4839
136.792	    60.7287
137.780	    63.2911
138.728	    63.0252
139.680	    61.2245
140.660	    61.4754
141.636	    62.2407
142.600	    62.5000
143.560	    61.4754
144.536	    60.7287
145.524	    60.4839
146.516	    63.2911
147.464	    61.7284
148.436	    64.3777
149.368	    61.2245
150.348	    65.2174
151.268	    64.6552
152.196	    60.4839
153.188	    65.7895
154.100	    63.0252
155.052	    61.9835
156.020	    66.0793
156.928	    61.7284
157.900	    60.4839
158.892	    63.5593
159.836	    61.2245
160.816	    61.2245
161.796	    61.4754
162.772	    62.2407
163.736	    62.5000
164.696	    60.2410
165.692	    58.8235
166.712	    57.0342
167.764	    61.9835
168.732	    59.5238
169.740	    58.1395
170.772	    58.3658
171.800	    61.2245
172.780	    60.9756
173.764	    61.4754
174.740	    60.7287
175.728	    65.5022
176.644	    61.2245
177.624	    61.7284
178.596	    63.5593
179.540	    64.3777
180.472	    60.9756
181.456	    61.2245
182.436	    63.2911
183.384	    66.3717
184.288	    63.0252
185.240	    61.4754
186.216	    60.0000
187.216	    63.2911
188.164	    60.9756
189.148	    60.0000
190.148	    64.9351
191.072	    61.9835
192.040	    60.9756
193.024	    61.7284
193.996	    61.2245
194.976	    60.9756
195.960	    63.8298
196.900	    61.4754
197.876	    60.0000
198.876	    60.2410
199.872	    64.3777
200.804	    60.9756
201.788	    61.2245
202.768	    62.5000
203.728	    64.1026
204.664	    60.0000
205.664	    59.5238
206.672	    60.0000
207.672	    63.2911
208.620	    59.7610
209.624	    58.5937
210.648	    60.0000
211.648	    62.7615
212.604	    58.8235
213.624	    58.8235
214.644	    57.9151
215.680	    61.9835
216.648	    59.2885
217.660	    57.6923
218.700	    56.6038
219.760	    56.1798
220.828	    57.0342
221.880	    61.7284
222.852	    57.9151
223.888	    57.6923
224.928	    59.0551
225.944	    62.5000
226.904	    60.2410
227.900	    60.9756
228.884	    61.4754
229.860	    62.7615
230.816	    59.5238
231.824	    59.7610
232.828	    64.9351
233.752	    64.1026
234.688	    62.5000
235.648	    63.2911
236.596	    65.5022
237.512	    64.1026
238.448	    62.5000
239.408	    61.2245
240.388	    62.7615
241.344	    67.5676
242.232	    63.5593
243.176	    62.2407
244.140	    61.4754
245.116	    65.2174
246.036	    62.5000
246.996	    62.2407
247.960	    60.9756
248.944	    65.2174
249.864	    62.7615
250.820	    60.4839
251.812	    60.2410
252.808	    62.2407
253.772	    63.2911
254.720	    60.4839
255.712	    59.2885
256.724	    59.5238
257.732	    64.1026
258.668	    60.2410
259.664	    60.0000
260.664	    60.0000
261.664	    65.2174
262.584	    59.5238
263.592	    58.3658
264.620	    57.4713
265.664	    57.9151
266.700	    62.2407
267.664	    58.3658
268.692	    58.3658
269.720	    60.4839
270.712	    66.3717
271.616	    61.2245
272.596	    60.9756
273.580	    60.2410
274.576	    66.0793
275.484	    61.7284
276.456	    60.7287
277.444	    61.2245
278.424	    64.1026
279.360	    60.9756
280.344	    60.9756
281.328	    60.9756
282.312	    65.5022
283.228	    60.4839
284.220	    60.9756
285.204	    61.2245
286.184	    65.2174
287.104	    61.9835
288.072	    61.7284
289.044	    62.5000
290.004	    64.9351
290.928	    63.5593
291.872	    62.2407
292.836	    62.5000
293.796	    63.0252
294.748	    64.1026
295.684	    61.4754
296.660	    61.2245
297.640	    62.2407
298.604	    61.4754
299.580	    59.2885
300.592	    58.8235
301.612	    60.4839
302.604	    62.2407
303.568	    60.0000
304.568	    60.2410
305.564	    61.7284
306.536	    66.6667
307.436	    65.5022
308.352	    64.3777
309.284	    61.9835
310.252	    60.4839
311.244	    60.2410
312.240	    64.1026
313.176	    61.9835
314.144	    60.4839
315.136	    60.0000
316.136	    61.7284
317.108	    61.4754
318.084	    60.4839
319.076	    59.0551
320.092	    65.7895
321.004	    61.9835
321.972	    60.2410
322.968	    58.5937
323.992	    64.3777
324.924	    59.5238
325.932	    59.0551
326.948	    59.2885
327.960	    60.7287
328.948	    61.7284
329.920	    58.3658
330.948	    57.2519
331.996	    62.2407
332.960	    58.8235
333.980	    58.1395
335.012	    58.1395
336.044	    60.9756
337.028	    60.9756
338.012	    58.3658
339.040	    58.8235
340.060	    63.8298
341.000	    57.9151
342.036	    57.4713
343.080	    58.5937
344.104	    64.1026
345.040	    59.2885
346.052	    58.3658
347.080	    59.2885
348.092	    62.5000
349.052	    60.0000
350.052	    59.2885
351.064	    60.9756
352.048	    64.3777
352.980	    60.9756
353.964	    60.0000
354.964	    59.5238
355.972	    59.5238
356.980	    63.0252
357.932	    61.4754
358.908	    60.2410
359.904	    60.0000
360.904	    62.7615
361.860	    61.2245
362.840	    61.4754
363.816	    61.2245
364.796	    62.7615
365.752	    64.1026
366.688	    62.2407
367.652	    60.4839
368.644	    60.9756
369.628	    61.4754
370.604	    60.4839
371.596	    61.2245
372.576	    64.6552
373.504	    61.2245
374.484	    59.2885
375.496	    60.0000
376.496	    61.7284
377.468	    63.0252
378.420	    61.7284
379.392	    60.7287
380.380	    63.2911
381.328	    63.0252
382.280	    64.1026
383.216	    62.5000
384.176	    61.7284
385.148	    63.2911
386.096	    63.2911
387.044	    62.7615
388.000	    61.9835
388.968	    62.7615
389.924	    63.0252
390.876	    65.5022
391.792	    63.8298
392.732	    65.7895
393.644	    65.7895
394.556	    69.1244
395.424	    63.8298
396.364	    64.1026
397.300	    66.0793
398.208	    71.0900
399.052	    73.8916
399.864	    63.0252
400.816	    64.3777
401.748	    63.5593
402.692	    61.9835
403.660	    67.5676
404.548	    62.5000
405.508	    61.2245
406.488	    61.2245
407.468	    65.7895
408.380	    64.3777
409.312	    61.9835
410.280	    60.4839
411.272	    66.3717
412.176	    61.7284
413.148	    60.4839
414.140	    60.4839
415.132	    67.2646
416.024	    68.1818
416.904	    62.2407
417.868	    61.9835
418.836	    60.7287
419.824	    62.2407
420.788	    60.0000
421.788	    58.8235
422.808	    59.0551
423.824	    61.4754
424.800	    57.2519
425.848	    56.8182
426.904	    56.3910
427.968	    61.2245
428.948	    56.8182
430.004	    55.9701
431.076	    56.1798
432.144	    60.9756
433.128	    56.1798
434.196	    55.9701
435.268	    57.0342
436.320	    60.2410
437.316	    58.1395
438.348	    57.4713
439.392	    58.1395
440.424	    59.2885
441.436	    58.8235
442.456	    57.9151
443.492	    59.2885
444.504	    59.0551
445.520	    57.2519
446.568	    57.2519
447.616	    61.2245
448.596	    59.0551
449.612	    61.2245
450.592	    59.0551
451.608	    64.3777
452.540	    59.7610
453.544	    59.0551
454.560	    59.2885
455.572	    63.2911
456.520	    59.5238
457.528	    58.3658
458.556	    58.5937
459.580	    60.7287
460.568	    59.7610
461.572	    60.4839
462.564	    60.4839
463.556	    60.9756
464.540	    61.9835
465.508	    60.9756
466.492	    60.0000
467.492	    60.0000
468.492	    64.6552
469.420	    61.2245
470.400	    59.7610
471.404	    62.2407
472.368	    60.7287
473.356	    60.4839
474.348	    60.9756
475.332	    60.2410
476.328	    65.7895
477.240	    64.3777
478.172	    62.7615
479.128	    68.1818
480.008	    68.8073
480.880	    69.4444
481.744	    65.2174
482.664	    63.2911
483.612	    61.4754
484.588	    63.5593
485.532	    61.9835
486.500	    61.4754
487.476	    62.2407
488.440	    61.2245
489.420	    64.9351
490.344	    63.0252
491.296	    60.2410
492.292	    58.5937
493.316	    64.3777
494.248	    59.7610
495.252	    58.5937
496.276	    60.9756
497.260	    60.0000
498.260	    59.0551
499.276	    58.3658
500.304	    64.1026
501.240	    59.7610
502.244	    58.8235
503.264	    58.1395
504.296	    64.9351
505.220	    59.2885
506.232	    57.9151
507.268	    57.4713
508.312	    59.0551
509.328	    59.0551
510.344	    58.5937
511.368	    59.0551
512.384	    59.7610
513.388	    62.5000
514.348	    60.2410
515.344	    61.9835
516.312	    60.7287
517.300	    62.7615
518.256	    63.5593
519.200	    63.5593
520.144	    61.7284
521.116	    62.2407
522.080	    63.2911
523.028	    65.2174
523.948	    61.4754
524.924	    60.2410
525.920	    60.9756
526.904	    63.8298
527.844	    60.9756
528.828	    60.2410
529.824	    62.5000
530.784	    62.2407
531.748	    61.4754
532.724	    61.4754
533.700	    66.0793
534.608	    63.2911
535.556	    63.2911
536.504	    61.9835
537.472	    63.2911
538.420	    65.2174
539.340	    62.5000
540.300	    62.7615
541.256	    63.2911
542.204	    65.2174
543.124	    61.9835
544.092	    62.7615
545.048	    64.1026
545.984	    66.6667
546.884	    65.7895
547.796	    68.8073
548.668	    61.2245
549.648	    61.2245
550.628	    66.0793
551.536	    60.9756
552.520	    60.2410
553.516	    60.0000
554.516	    64.1026
555.452	    58.3658
556.480	    60.9756
557.464	    66.9643
558.360	    67.2646
559.252	    61.7284
560.224	    64.6552
561.152	    60.4839
562.144	    58.3658
563.172	    61.7284
564.144	    60.4839
565.136	    60.0000
566.136	    58.5937
567.160	    59.2885
568.172	    59.0551
569.188	    57.6923
570.228	    57.9151
571.264	    65.2174
572.184	    63.2911
573.132	    60.9756
574.116	    62.5000
575.076	    63.8298
576.016	    67.8733
576.900	    61.7284
577.872	    60.9756
578.856	    62.7615
579.812	    63.5593
580.756	    60.4839
581.748	    59.5238
582.756	    59.5238
583.764	    61.2245
584.744	    58.1395
585.776	    58.8235
586.796	    58.3658
587.824	    60.7287
588.812	    61.7284
589.784	    59.7610
590.788	    59.7610
591.792	    60.2410
592.788	    62.7615
593.744	    59.0551
594.760	    59.5238
595.768	    63.2911
596.716	    64.3777
597.648	    62.5000
598.608	    60.9756
