2.028	    43.1035
3.420	    45.0450
4.752	    44.2478
6.108	    57.9151
7.144	    48.8599
8.372	    43.3526
9.756	    44.7761
11.096	    44.7761
12.436	    42.6136
13.844	    44.5104
15.192	    43.1035
16.584	    49.6689
17.792	    45.5927
19.108	    47.3186
20.376	    48.0769
21.624	    43.7318
22.996	    50.0000
24.196	    46.1538
25.496	    44.3787
26.848	    49.6689
28.056	    45.8716
29.364	    44.2478
30.720	    49.3421
31.936	    47.9233
33.188	    43.7318
34.560	    47.7707
35.816	    44.7761
37.156	    48.8599
38.384	    47.4684
39.648	    46.1538
40.948	    47.0219
42.224	    45.1807
43.552	    52.8169
44.688	    50.0000
45.888	    45.4545
47.208	    50.0000
48.408	    50.8475
49.588	    45.4545
50.908	    48.3871
52.148	    51.9031
53.304	    45.3172
54.628	    46.2963
55.924	    52.8169
57.060	    44.7761
58.400	    43.4783
59.780	    49.0196
61.004	    44.6429
62.348	    43.6046
63.724	    49.6689
64.932	    47.4684
66.196	    42.7350
67.600	    47.7707
68.856	    47.4684
70.120	    43.9883
71.484	    45.5927
72.800	    46.1538
74.100	    43.3526
75.484	    43.2277
76.872	    49.6689
78.080	    44.2478
79.436	    43.9883
80.800	    49.5050
82.012	    45.0450
83.344	    42.8571
84.744	    49.3421
85.960	    44.1176
87.320	    42.7350
88.724	    48.5437
89.960	    44.5104
91.308	    43.3526
92.692	    50.5051
93.880	    47.6190
95.140	    42.7350
96.544	    47.4684
97.808	    47.9233
99.060	    42.3729
100.476	    44.6429
101.820	    46.4396
103.112	    42.4929
104.524	    45.0450
105.856	    48.5437
107.092	    43.3526
108.476	    44.5104
109.824	    49.3421
111.040	    42.9799
112.436	    43.9883
113.800	    48.8599
115.028	    44.2478
116.384	    42.8571
117.784	    47.7707
119.040	    44.7761
120.380	    42.3729
121.796	    49.0196
123.020	    45.8716
124.328	    43.2277
125.716	    48.3871
126.956	    46.8750
128.236	    41.7827
129.672	    47.6190
130.932	    46.2963
132.228	    42.6136
133.636	    47.9233
134.888	    47.4684
136.152	    42.3729
137.568	    47.6190
138.828	    44.3787
140.180	    43.6046
141.556	    49.5050
142.768	    45.4545
144.088	    42.8571
145.488	    48.2315
146.732	    46.5839
148.020	    43.6046
149.396	    44.2478
150.752	    50.8475
151.932	    45.7317
153.244	    43.2277
154.632	    49.0196
155.856	    47.9233
157.108	    43.4783
158.488	    48.0769
159.736	    49.6689
160.944	    44.3787
162.296	    47.4684
163.560	    53.3808
164.684	    45.7317
165.996	    43.4783
167.376	    48.7013
168.608	    44.5104
169.956	    45.8716
171.264	    49.3421
172.480	    44.2478
173.836	    42.2535
175.256	    48.5437
176.492	    52.2648
177.640	    45.7317
178.952	    46.0123
180.256	    51.1945
181.428	    47.0219
182.704	    44.1176
184.064	    51.0204
185.240	    47.9233
186.492	    43.9883
187.856	    49.5050
189.068	    46.4396
190.360	    42.8571
191.760	    48.7013
192.992	    46.5839
194.280	    44.3787
195.632	    49.6689
196.840	    49.6689
198.048	    44.2478
199.404	    46.7290
200.688	    50.0000
201.888	    45.0450
203.220	    47.0219
204.496	    50.5051
205.684	    45.5927
207.000	    44.7761
208.340	    49.1803
209.560	    53.3808
210.684	    45.0450
212.016	    46.7290
213.300	    48.7013
214.532	    44.2478
215.888	    46.4396
217.180	    48.3871
218.420	    45.0450
219.752	    46.1538
221.052	    49.8339
222.256	    44.3787
223.608	    45.7317
224.920	    49.6689
226.128	    46.8750
227.408	    43.7318
228.780	    50.1672
229.976	    47.6190
231.236	    44.7761
232.576	    49.1803
233.796	    47.6190
235.056	    45.1807
236.384	    50.5051
237.572	    50.5051
238.760	    44.6429
240.104	    47.4684
241.368	    45.7317
242.680	    50.5051
243.868	    46.8750
245.148	    45.1807
246.476	    51.3699
247.644	    44.5104
248.992	    44.7761
250.332	    52.0833
251.484	    45.1807
252.812	    43.2277
254.200	    51.7241
255.360	    45.4545
256.680	    43.3526
258.064	    49.8339
259.268	    45.1807
260.596	    43.3526
261.980	    48.3871
263.220	    49.8339
264.424	    43.7318
265.796	    48.8599
267.024	    47.0219
268.300	    48.7013
269.532	    45.7317
270.844	    47.9233
272.096	    44.1176
273.456	    44.7761
274.796	    48.3871
276.036	    44.2478
277.392	    47.4684
278.656	    48.5437
279.892	    44.2478
281.248	    50.3356
282.440	    48.2315
283.684	    44.7761
285.024	    45.0450
286.356	    51.3699
287.524	    47.3186
288.792	    44.1176
290.152	    48.0769
291.400	    51.1945
292.572	    45.4545
293.892	    47.6190
295.152	    48.0769
296.400	    45.8716
297.708	    55.9701
298.780	    45.8716
300.088	    55.3506
301.172	    47.0219
302.448	    44.3787
303.800	    53.3808
304.924	    47.4684
306.188	    44.2478
307.544	    53.7634
308.660	    49.3421
309.876	    42.9799
311.272	    50.0000
312.472	    51.3699
313.640	    44.9102
314.976	    48.5437
316.212	    51.1945
317.384	    43.7318
318.756	    48.2315
320.000	    52.0833
321.152	    44.3787
322.504	    46.4396
323.796	    53.5714
324.916	    44.7761
326.256	    43.2277
327.644	    50.6757
328.828	    47.1698
330.100	    43.3526
331.484	    48.7013
332.716	    52.2648
333.864	    44.9102
335.200	    52.6316
336.340	    48.5437
337.576	    45.4545
338.896	    49.3421
340.112	    49.5050
341.324	    51.1945
342.496	    44.5104
343.844	    45.7317
345.156	    49.8339
346.360	    46.4396
347.652	    45.0450
348.984	    52.8169
350.120	    49.6689
351.328	    47.9233
352.580	    50.5051
353.768	    48.8599
354.996	    45.7317
356.308	    48.0769
357.556	    47.1698
358.828	    45.8716
360.136	    47.6190
361.396	    48.0769
362.644	    46.2963
363.940	    47.0219
365.216	    48.8599
366.444	    46.5839
367.732	    48.2315
368.976	    50.8475
370.156	    48.3871
371.396	    44.7761
372.736	    50.6757
373.920	    50.0000
375.120	    46.0123
376.424	    51.9031
377.580	    52.8169
378.716	    46.4396
380.008	    47.0219
381.284	    52.4476
382.428	    53.7634
383.544	    46.4396
384.836	    45.5927
386.152	    51.3699
387.320	    47.1698
388.592	    45.0450
389.924	    50.1672
391.120	    48.8599
392.348	    45.3172
393.672	    52.8169
394.808	    46.5839
396.096	    45.8716
397.404	    47.6190
398.664	    45.8716
399.972	    52.0833
401.124	    45.7317
402.436	    49.3421
403.652	    45.5927
404.968	    44.7761
406.308	    49.8339
407.512	    45.8716
408.820	    44.1176
410.180	    48.2315
411.424	    47.0219
412.700	    43.2277
414.088	    47.6190
415.348	    46.7290
416.632	    43.6046
418.008	    47.1698
419.280	    45.4545
420.600	    44.5104
421.948	    49.3421
423.164	    47.0219
424.440	    45.4545
425.760	    50.3356
426.952	    53.3808
428.076	    45.4545
429.396	    44.2478
430.752	    52.2648
431.900	    47.7707
433.156	    44.7761
434.496	    52.2648
435.644	    46.7290
436.928	    44.5104
438.276	    54.9451
439.368	    50.0000
440.568	    43.4783
441.948	    47.1698
443.220	    52.6316
444.360	    46.2963
445.656	    45.7317
446.968	    51.3699
448.136	    46.2963
449.432	    44.5104
450.780	    49.5050
451.992	    46.7290
453.276	    44.9102
454.612	    52.4476
455.756	    49.8339
456.960	    44.3787
458.312	    44.7761
459.652	    51.5464
460.816	    46.2963
462.112	    44.1176
463.472	    48.5437
464.708	    48.0769
465.956	    44.6429
467.300	    47.1698
468.572	    46.4396
469.864	    44.9102
471.200	    51.0204
472.376	    47.0219
473.652	    45.1807
474.980	    48.2315
476.224	    46.1538
477.524	    45.8716
478.832	    53.1915
479.960	    53.5714
481.080	    44.7761
482.420	    46.7290
483.704	    48.3871
484.944	    44.9102
486.280	    50.3356
487.472	    55.3506
488.556	    61.2245
489.536	    61.9835
490.504	    61.2245
491.484	    44.7761
492.824	    52.8169
493.960	    50.3356
495.152	    46.4396
496.444	    49.3421
497.660	    48.0769
498.908	    46.0123
500.212	    48.0769
501.460	    45.7317
502.772	    45.1807
504.100	    48.2315
505.344	    47.0219
506.620	    45.5927
507.936	    47.1698
509.208	    48.3871
510.448	    46.1538
511.748	    44.9102
513.084	    47.7707
514.340	    48.8599
515.568	    47.6190
516.828	    47.3186
518.096	    50.5051
519.284	    46.7290
520.568	    44.6429
521.912	    49.3421
523.128	    46.5839
524.416	    45.5927
525.732	    46.4396
527.024	    46.0123
528.328	    46.1538
529.628	    45.0450
530.960	    45.1807
532.288	    45.4545
533.608	    50.3356
534.800	    46.1538
536.100	    44.5104
537.448	    47.7707
538.704	    46.5839
539.992	    45.8716
541.300	    49.0196
542.524	    46.2963
543.820	    44.5104
545.168	    45.5927
546.484	    47.9233
547.736	    43.9883
549.100	    47.6190
550.360	    47.7707
551.616	    46.4396
552.908	    44.9102
554.244	    49.1803
555.464	    50.6757
556.648	    46.4396
557.940	    46.5839
559.228	    50.0000
560.428	    46.0123
561.732	    48.0769
562.980	    50.5051
564.168	    45.8716
565.476	    44.3787
566.828	    48.7013
568.060	    46.1538
569.360	    45.4545
570.680	    46.4396
571.972	    45.3172
573.296	    46.5839
574.584	    48.0769
575.832	    45.7317
577.144	    45.8716
578.452	    47.1698
579.724	    45.5927
581.040	    46.4396
582.332	    51.9031
583.488	    54.7445
584.584	    53.7634
585.700	    45.8716
587.008	    48.7013
588.240	    49.3421
589.456	    47.3186
590.724	    48.0769
591.972	    51.9031
593.128	    49.6689
594.336	    49.1803
595.556	    51.5464
596.720	    46.5839
598.008	    45.8716
