1.336	    78.1250
2.104	    77.3196
2.880	    75.0000
3.680	    71.0900
4.524	    69.4444
5.388	    70.0935
6.244	    73.5294
7.060	    73.8916
7.872	    73.8916
8.684	    75.0000
9.484	    75.3769
10.280	    74.6269
11.084	    71.7703
11.920	    71.4286
12.760	    72.4638
13.588	    71.4286
14.428	    69.7674
15.288	    73.1707
16.108	    74.2574
16.916	    72.1154
17.748	    71.0900
18.592	    72.4638
19.420	    74.2574
20.228	    75.0000
21.028	    74.2574
21.836	    72.8155
22.660	    72.4638
23.488	    74.6269
24.292	    74.6269
25.096	    73.5294
25.912	    72.8155
26.736	    73.8916
27.548	    75.3769
28.344	    75.3769
29.140	    74.2574
29.948	    73.5294
30.764	    73.5294
31.580	    74.6269
32.384	    75.0000
33.184	    73.1707
34.004	    71.4286
34.844	    73.1707
35.664	    74.2574
36.472	    74.6269
37.276	    73.8916
38.088	    72.1154
38.920	    73.5294
39.736	    74.6269
40.540	    74.6269
41.344	    72.8155
42.168	    71.7703
43.004	    72.4638
43.832	    73.5294
44.648	    73.5294
45.464	    71.4286
46.304	    70.4225
47.156	    72.4638
47.984	    74.6269
48.788	    74.6269
49.592	    73.8916
50.404	    72.1154
51.236	    74.2574
52.044	    75.0000
52.844	    74.6269
53.648	    73.8916
54.460	    72.8155
55.284	    72.1154
56.116	    73.1707
56.936	    72.8155
57.760	    72.1154
58.592	    70.4225
59.444	    71.4286
60.284	    73.5294
61.100	    72.8155
61.924	    71.4286
62.764	    72.4638
63.592	    73.5294
64.408	    73.8916
65.220	    73.1707
66.040	    70.4225
66.892	    70.7547
67.740	    72.1154
68.572	    73.5294
69.388	    72.8155
70.212	    71.0900
71.056	    69.7674
71.916	    71.7703
72.752	    73.1707
73.572	    71.0900
74.416	    69.4444
75.280	    70.4225
76.132	    73.1707
76.952	    75.3769
77.748	    74.2574
78.556	    74.2574
79.364	    74.6269
80.168	    75.0000
80.968	    73.8916
81.780	    72.1154
82.612	    70.7547
83.460	    72.1154
84.292	    74.2574
85.100	    75.3769
85.896	    74.6269
86.700	    73.8916
87.512	    75.0000
88.312	    75.3769
89.108	    76.1421
89.896	    74.6269
90.700	    73.1707
91.520	    73.1707
92.340	    74.6269
93.144	    75.3769
93.940	    74.2574
94.748	    73.5294
95.564	    74.6269
96.368	    75.7576
97.160	    77.7202
97.932	    77.3196
98.708	    75.3769
99.504	    75.0000
100.304	    75.0000
101.104	    76.1421
101.892	    76.5306
102.676	    74.2574
103.484	    73.5294
104.300	    73.1707
105.120	    74.2574
105.928	    74.2574
106.736	    74.2574
107.544	    72.1154
108.376	    70.7547
109.224	    72.1154
110.056	    72.8155
110.880	    71.7703
111.716	    70.0935
112.572	    71.7703
113.408	    73.5294
114.224	    73.1707
115.044	    72.8155
115.868	    72.8155
116.692	    74.2574
117.500	    75.7576
118.292	    73.5294
119.108	    70.7547
119.956	    68.4931
120.832	    69.1244
121.700	    71.7703
122.536	    71.7703
123.372	    69.4444
124.236	    68.4931
125.112	    70.0935
125.968	    72.8155
126.792	    76.1421
127.580	    75.7576
128.372	    75.3769
129.168	    76.1421
129.956	    76.1421
130.744	    73.5294
131.560	    71.7703
132.396	    72.4638
133.224	    74.2574
134.032	    74.6269
134.836	    73.5294
135.652	    72.8155
136.476	    73.8916
137.288	    75.3769
138.084	    75.7576
138.876	    73.8916
139.688	    72.4638
140.516	    72.8155
141.340	    75.3769
142.136	    76.5306
142.920	    75.3769
143.716	    73.1707
144.536	    72.4638
145.364	    73.8916
146.176	    76.5306
146.960	    75.3769
147.756	    73.1707
148.576	    72.4638
149.404	    73.8916
150.216	    76.5306
151.000	    78.1250
151.768	    78.9474
152.528	    76.5306
153.312	    75.3769
154.108	    77.7202
154.880	    78.1250
155.648	    77.7202
156.420	    75.0000
157.220	    74.6269
158.024	    76.5306
158.808	    77.3196
159.584	    76.1421
160.372	    74.2574
161.180	    73.5294
161.996	    75.3769
162.792	    77.3196
163.568	    77.3196
164.344	    75.7576
165.136	    75.0000
165.936	    77.7202
166.708	    77.3196
167.484	    75.0000
168.284	    73.1707
169.104	    73.1707
169.924	    76.5306
170.708	    78.5340
171.472	    76.9231
172.252	    75.0000
173.052	    73.8916
173.864	    75.7576
174.656	    78.5340
175.420	    78.5340
176.184	    76.9231
176.964	    75.3769
177.760	    74.6269
178.564	    77.7202
179.336	    79.7872
180.088	    78.9474
180.848	    76.9231
181.628	    76.1421
182.416	    77.3196
183.192	    78.9474
183.952	    77.3196
184.728	    73.5294
185.544	    72.8155
186.368	    74.2574
187.176	    77.7202
187.948	    77.3196
188.724	    75.0000
189.524	    75.3769
190.320	    76.5306
191.104	    78.9474
191.864	    80.6452
192.608	    78.5340
193.372	    77.7202
194.144	    78.1250
194.912	    79.7872
195.664	    81.5217
196.400	    82.4176
197.128	    80.6452
197.872	    78.9474
198.632	    78.1250
199.400	    81.0811
200.140	    80.2139
200.888	    78.5340
201.652	    76.9231
202.432	    76.5306
203.216	    78.9474
203.976	    80.6452
204.720	    82.4176
205.448	    80.6452
206.192	    79.7872
206.944	    80.2139
207.692	    82.4176
208.420	    82.4176
209.148	    80.6452
209.892	    78.5340
210.656	    77.3196
211.432	    78.9474
212.192	    81.0811
212.932	    81.0811
213.672	    78.5340
214.436	    78.1250
215.204	    78.1250
215.972	    79.3651
216.728	    79.7872
217.480	    77.3196
218.256	    75.0000
219.056	    74.6269
219.860	    78.1250
220.628	    78.1250
221.396	    75.0000
222.196	    73.5294
223.012	    73.8916
223.824	    75.0000
224.624	    77.7202
225.396	    78.5340
226.160	    76.5306
226.944	    75.0000
227.744	    77.3196
228.520	    76.1421
229.308	    73.5294
230.124	    73.1707
230.944	    75.0000
231.744	    76.9231
232.524	    78.5340
233.288	    82.8729
234.012	    85.2273
234.716	    88.2353
235.396	    90.9091
236.056	    92.0245
236.708	    90.3615
237.372	    88.2353
238.052	    84.7458
238.760	    81.9672
239.492	    81.5217
240.228	    81.9672
240.960	    79.3651
241.716	    78.5340
242.480	    78.9474
243.240	    80.6452
243.984	    81.9672
244.716	    81.5217
245.452	    79.7872
246.204	    78.9474
246.964	    77.7202
247.736	    79.7872
248.488	    80.2139
249.236	    79.3651
249.992	    76.9231
250.772	    75.0000
251.572	    75.3769
252.368	    77.7202
253.140	    77.7202
253.912	    76.5306
254.696	    76.9231
255.476	    76.5306
256.260	    79.7872
257.012	    79.7872
257.764	    78.9474
258.524	    77.7202
259.296	    77.3196
260.072	    79.7872
260.824	    79.7872
261.576	    77.7202
262.348	    76.5306
263.132	    77.7202
263.904	    78.5340
264.668	    78.9474
265.428	    77.3196
266.204	    76.5306
266.988	    76.1421
267.776	    78.1250
268.544	    76.1421
269.332	    74.6269
270.136	    75.3769
270.932	    77.3196
271.708	    78.5340
272.472	    80.2139
273.220	    82.4176
273.948	    84.2697
274.660	    85.2273
275.364	    84.2697
276.076	    81.9672
276.808	    81.0811
277.548	    81.9672
278.280	    79.3651
279.036	    77.7202
279.808	    78.5340
280.572	    80.6452
281.316	    81.9672
282.048	    80.6452
282.792	    81.0811
283.532	    81.9672
284.264	    83.7989
284.980	    85.7143
285.680	    85.7143
286.380	    85.7143
287.080	    85.2273
287.784	    86.2069
288.480	    86.7052
289.172	    86.7052
289.864	    86.7052
290.556	    85.7143
291.256	    84.7458
291.964	    84.7458
292.672	    85.7143
293.372	    86.7052
294.064	    86.2069
294.760	    84.7458
295.468	    84.2697
296.180	    83.7989
296.896	    84.2697
297.608	    84.7458
298.316	    83.7989
299.032	    81.5217
299.768	    81.9672
300.500	    82.4176
301.228	    84.2697
301.940	    85.2273
302.644	    84.7458
303.352	    84.2697
304.064	    82.8729
304.788	    82.8729
305.512	    82.4176
306.240	    82.4176
306.968	    80.6452
307.712	    79.3651
308.468	    78.9474
309.228	    80.6452
309.972	    81.5217
310.708	    81.0811
311.448	    80.6452
312.192	    80.6452
312.936	    81.5217
313.672	    82.8729
314.396	    84.2697
315.108	    83.7989
315.824	    83.3333
316.544	    82.8729
317.268	    83.3333
317.988	    84.2697
318.700	    84.7458
319.408	    84.7458
320.116	    82.4176
320.844	    81.9672
321.576	    82.8729
322.300	    83.3333
323.020	    82.8729
323.744	    81.0811
324.484	    80.6452
325.228	    81.0811
325.968	    82.8729
326.692	    82.8729
327.416	    80.6452
328.160	    79.7872
328.912	    79.7872
329.664	    82.4176
330.392	    82.8729
331.116	    83.7989
331.832	    82.4176
332.560	    81.9672
333.292	    82.8729
334.016	    83.3333
334.736	    84.7458
335.444	    83.3333
336.164	    82.8729
336.888	    81.9672
337.620	    82.4176
338.348	    83.7989
339.064	    83.3333
339.784	    82.8729
340.508	    82.4176
341.236	    82.4176
341.964	    83.3333
342.684	    83.3333
343.404	    81.0811
344.144	    80.6452
344.888	    80.6452
345.632	    82.4176
346.360	    82.8729
347.084	    82.4176
347.812	    81.0811
348.552	    81.5217
349.288	    81.5217
350.024	    83.7989
350.740	    82.8729
351.464	    81.5217
352.200	    81.0811
352.940	    81.5217
353.676	    82.8729
354.400	    82.8729
355.124	    81.5217
355.860	    80.6452
356.604	    80.2139
357.352	    79.7872
358.104	    81.5217
358.840	    81.5217
359.576	    81.0811
360.316	    80.2139
361.064	    79.7872
361.816	    80.6452
362.560	    81.9672
363.292	    81.5217
364.028	    80.6452
364.772	    79.7872
365.524	    80.6452
366.268	    81.5217
367.004	    83.7989
367.720	    84.2697
368.432	    83.3333
369.152	    81.9672
369.884	    81.5217
370.620	    81.5217
371.356	    81.9672
372.088	    81.5217
372.824	    79.3651
373.580	    79.3651
374.336	    80.2139
375.084	    81.9672
375.816	    81.9672
376.548	    81.5217
377.284	    82.8729
378.008	    84.7458
378.716	    87.2093
379.404	    88.7574
380.080	    89.2857
380.752	    89.2857
381.424	    87.7193
382.108	    85.2273
382.812	    82.8729
383.536	    82.8729
384.260	    81.9672
384.992	    80.2139
385.740	    79.3651
386.496	    79.7872
387.248	    81.5217
387.984	    82.4176
388.712	    81.9672
389.444	    81.9672
390.176	    81.0811
390.916	    80.2139
391.664	    80.6452
392.408	    80.2139
393.156	    77.7202
393.928	    77.7202
394.700	    78.5340
395.464	    80.2139
396.212	    81.0811
396.952	    79.7872
397.704	    77.7202
398.476	    78.1250
399.244	    78.1250
400.012	    78.5340
400.776	    77.7202
401.548	    77.7202
402.320	    77.3196
403.096	    77.7202
403.868	    79.7872
404.620	    79.7872
405.372	    78.1250
406.140	    77.7202
406.912	    77.7202
407.684	    78.1250
408.452	    75.3769
409.248	    74.6269
410.052	    75.7576
410.844	    76.1421
411.632	    77.7202
412.404	    78.9474
413.164	    77.7202
413.936	    76.5306
414.720	    76.1421
415.508	    76.9231
416.288	    78.1250
417.056	    78.1250
417.824	    76.5306
418.608	    76.5306
419.392	    76.5306
420.176	    76.9231
420.956	    78.5340
421.720	    78.5340
422.484	    77.3196
423.260	    76.9231
424.040	    76.9231
424.820	    76.5306
425.604	    77.7202
426.376	    78.9474
427.136	    78.1250
427.904	    76.9231
428.684	    76.9231
429.464	    77.3196
430.240	    78.5340
431.004	    78.9474
431.764	    78.1250
432.532	    75.7576
433.324	    74.2574
434.132	    73.1707
434.952	    76.1421
435.740	    75.7576
436.532	    73.5294
437.348	    75.0000
438.148	    74.2574
438.956	    75.0000
439.756	    76.1421
440.544	    78.1250
441.312	    78.9474
442.072	    77.3196
442.848	    75.0000
443.648	    73.5294
444.464	    74.2574
445.272	    76.1421
446.060	    76.9231
446.840	    76.1421
447.628	    75.3769
448.424	    75.3769
449.220	    76.9231
450.000	    77.3196
450.776	    75.7576
451.568	    76.1421
452.356	    76.5306
453.140	    78.1250
453.908	    80.6452
454.652	    80.2139
455.400	    79.7872
456.152	    78.5340
456.916	    78.5340
457.680	    79.7872
458.432	    79.3651
459.188	    76.9231
459.968	    76.1421
460.756	    76.1421
461.544	    77.7202
462.316	    77.7202
463.088	    77.3196
463.864	    77.3196
464.640	    78.1250
465.408	    78.1250
466.176	    77.3196
466.952	    74.6269
467.756	    74.2574
468.564	    74.2574
469.372	    76.1421
470.160	    76.9231
470.940	    75.3769
471.736	    75.3769
472.532	    74.2574
473.340	    75.3769
474.136	    76.9231
474.916	    76.5306
475.700	    75.3769
476.496	    75.7576
477.288	    75.0000
478.088	    77.3196
478.864	    77.7202
479.636	    76.1421
480.424	    74.6269
481.228	    73.1707
482.048	    75.3769
482.844	    76.5306
483.628	    75.3769
484.424	    73.8916
485.236	    72.4638
486.064	    73.5294
486.880	    75.3769
487.676	    76.1421
488.464	    74.2574
489.272	    72.8155
490.096	    72.8155
490.920	    75.0000
491.720	    74.6269
492.524	    72.4638
493.352	    71.7703
494.188	    72.1154
495.020	    75.0000
495.820	    75.7576
496.612	    75.0000
497.412	    75.0000
498.212	    75.0000
499.012	    77.3196
499.788	    76.9231
500.568	    75.0000
501.368	    73.1707
502.188	    73.1707
503.008	    75.3769
503.804	    75.0000
504.604	    73.8916
505.416	    73.5294
506.232	    73.8916
507.044	    75.7576
507.836	    76.1421
508.624	    74.6269
509.428	    74.2574
510.236	    73.5294
511.052	    75.0000
511.852	    76.1421
512.640	    75.3769
513.436	    76.1421
514.224	    76.5306
515.008	    76.9231
515.788	    76.5306
516.572	    75.3769
517.368	    73.5294
518.184	    73.8916
518.996	    75.0000
519.796	    76.1421
520.584	    74.6269
521.388	    73.8916
522.200	    73.1707
523.020	    75.0000
523.820	    76.9231
524.600	    76.1421
525.388	    77.3196
526.164	    78.5340
526.928	    81.0811
527.668	    81.0811
528.408	    79.7872
529.160	    78.5340
529.924	    75.7576
530.716	    75.7576
531.508	    75.7576
532.300	    79.3651
533.056	    81.9672
533.788	    85.7143
534.488	    87.2093
535.176	    87.7193
535.860	    87.2093
536.548	    85.2273
537.252	    83.3333
537.972	    82.4176
538.700	    83.7989
539.416	    82.8729
540.140	    81.9672
540.872	    80.6452
541.616	    80.2139
542.364	    79.3651
543.120	    79.3651
543.876	    78.5340
544.640	    75.3769
545.436	    74.6269
546.240	    73.5294
547.056	    75.0000
547.856	    75.7576
548.648	    74.6269
549.452	    74.6269
550.256	    75.0000
551.056	    76.1421
551.844	    77.3196
552.620	    76.5306
553.404	    75.0000
554.204	    74.2574
555.012	    74.6269
555.816	    76.5306
556.600	    76.9231
557.380	    75.7576
558.172	    75.3769
558.968	    75.0000
559.768	    75.0000
560.568	    77.3196
561.344	    77.3196
562.120	    75.0000
562.920	    74.2574
563.728	    73.5294
564.544	    75.0000
565.344	    75.3769
566.140	    73.8916
566.952	    73.1707
567.772	    73.5294
568.588	    76.1421
569.376	    75.3769
570.172	    73.8916
570.984	    75.0000
571.784	    75.0000
572.584	    75.7576
573.376	    78.9474
574.136	    79.3651
574.892	    77.7202
575.664	    76.1421
576.452	    76.9231
577.232	    77.3196
578.008	    76.1421
578.796	    75.0000
579.596	    73.8916
580.408	    74.2574
581.216	    75.3769
582.012	    78.1250
582.780	    77.3196
583.556	    75.3769
584.352	    73.8916
585.164	    75.7576
585.956	    76.1421
586.744	    73.8916
587.556	    73.1707
588.376	    72.8155
589.200	    75.3769
589.996	    76.5306
590.780	    75.7576
591.572	    75.3769
592.368	    76.1421
593.156	    77.7202
593.928	    76.9231
594.708	    75.7576
595.500	    74.2574
596.308	    75.3769
597.104	    76.1421
597.892	    76.1421
598.680	    74.2574
