1.668	    58.8235
2.688	    61.2245
3.668	    60.9756
4.652	    59.0551
5.668	    61.9835
6.636	    61.4754
7.612	    63.8298
8.552	    61.4754
9.528	    63.8298
10.468	    66.3717
11.372	    63.0252
12.324	    58.5937
13.348	    58.3658
14.376	    64.1026
15.312	    66.3717
16.216	    63.0252
17.168	    70.7547
18.016	    63.0252
18.968	    57.2519
20.016	    61.2245
20.996	    60.9756
21.980	    57.4713
23.024	    58.5937
24.048	    66.0793
24.956	    62.7615
25.912	    59.5238
26.920	    59.2885
27.932	    62.7615
28.888	    64.6552
29.816	    60.9756
30.800	    58.8235
31.820	    63.0252
32.772	    66.3717
33.676	    63.5593
34.620	    59.7610
35.624	    61.4754
36.600	    65.5022
37.516	    66.3717
38.420	    64.9351
39.344	    64.9351
40.268	    66.6667
41.168	    68.1818
42.048	    67.8733
42.932	    62.7615
43.888	    63.2911
44.836	    65.7895
45.748	    64.3777
46.680	    61.9835
47.648	    66.0793
48.556	    70.4225
49.408	    68.1818
50.288	    64.3777
51.220	    63.8298
52.160	    67.2646
53.052	    72.8155
53.876	    72.4638
54.704	    70.0935
55.560	    70.4225
56.412	    74.2574
57.220	    73.1707
58.040	    67.2646
58.932	    66.6667
59.832	    68.1818
60.712	    70.0935
61.568	    68.4931
62.444	    67.8733
63.328	    71.4286
64.168	    76.9231
64.948	    77.7202
65.720	    70.7547
66.568	    63.8298
67.508	    60.7287
68.496	    69.1244
69.364	    74.2574
70.172	    73.8916
70.984	    71.7703
71.820	    72.1154
72.652	    74.2574
73.460	    74.2574
74.268	    70.0935
75.124	    66.0793
76.032	    66.3717
76.936	    72.4638
77.764	    75.7576
78.556	    74.2574
79.364	    74.6269
80.168	    74.2574
80.976	    77.7202
81.748	    78.9474
82.508	    76.9231
83.288	    75.0000
84.088	    69.7674
84.948	    74.2574
85.756	    75.0000
86.556	    73.5294
87.372	    72.4638
88.200	    75.0000
89.000	    72.4638
89.828	    72.8155
90.652	    70.4225
91.504	    71.0900
92.348	    71.7703
93.184	    75.3769
93.980	    77.3196
94.756	    74.6269
95.560	    73.1707
96.380	    70.4225
97.232	    70.7547
98.080	    71.7703
98.916	    67.5676
99.804	    65.5022
100.720	    66.3717
101.624	    71.7703
102.460	    73.1707
103.280	    70.4225
104.132	    67.2646
105.024	    67.2646
105.916	    69.4444
106.780	    73.1707
107.600	    73.5294
108.416	    68.8073
109.288	    66.9643
110.184	    68.1818
111.064	    64.6552
111.992	    60.9756
112.976	    61.7284
113.948	    64.6552
114.876	    60.9756
115.860	    62.2407
116.824	    60.2410
117.820	    63.0252
118.772	    69.1244
119.640	    70.4225
120.492	    67.8733
121.376	    67.5676
122.264	    68.1818
123.144	    70.7547
123.992	    76.9231
124.772	    70.7547
125.620	    68.8073
126.492	    62.2407
127.456	    59.2885
128.468	    60.4839
129.460	    61.7284
130.432	    69.1244
131.300	    65.7895
132.212	    66.9643
133.108	    66.3717
134.012	    68.8073
134.884	    68.8073
135.756	    65.7895
136.668	    63.8298
137.608	    63.2911
138.556	    64.9351
139.480	    66.9643
140.376	    63.0252
141.328	    60.4839
142.320	    61.7284
143.292	    63.5593
144.236	    63.8298
145.176	    64.6552
146.104	    70.7547
146.952	    72.4638
147.780	    76.1421
148.568	    77.3196
149.344	    75.7576
150.136	    73.8916
150.948	    76.5306
151.732	    73.8916
152.544	    78.9474
153.304	    77.7202
154.076	    77.7202
154.848	    78.1250
155.616	    77.7202
156.388	    70.4225
157.240	    67.5676
158.128	    67.5676
159.016	    72.1154
159.848	    78.1250
160.616	    73.8916
161.428	    63.2911
162.376	    57.9151
163.412	    57.4713
164.456	    57.2519
165.504	    59.7610
166.508	    57.9151
167.544	    63.5593
168.488	    59.2885
169.500	    58.5937
170.524	    58.5937
171.548	    64.3777
172.480	    61.2245
173.460	    57.9151
174.496	    55.7621
175.572	    60.9756
176.556	    60.2410
177.552	    66.0793
178.460	    64.9351
179.384	    56.8182
180.440	    64.6552
181.368	    59.2885
182.380	    55.7621
183.456	    57.9151
184.492	    62.5000
185.452	    58.5937
186.476	    57.6923
187.516	    63.2911
188.464	    65.2174
189.384	    60.7287
190.372	    60.9756
191.356	    63.0252
192.308	    66.9643
193.204	    61.7284
194.176	    59.2885
195.188	    58.8235
196.208	    64.9351
197.132	    63.0252
198.084	    60.7287
199.072	    59.5238
200.080	    62.5000
201.040	    68.4931
201.916	    62.7615
202.872	    59.2885
203.884	    59.0551
204.900	    62.2407
205.864	    60.9756
206.848	    59.0551
207.864	    59.2885
208.876	    62.2407
209.840	    60.9756
210.824	    61.2245
211.804	    63.5593
212.748	    65.7895
213.660	    65.5022
214.576	    60.7287
215.564	    59.0551
216.580	    62.5000
217.540	    63.8298
218.480	    60.0000
219.480	    59.5238
220.488	    61.4754
221.464	    66.9643
222.360	    67.5676
223.248	    65.7895
224.160	    62.7615
225.116	    60.9756
226.100	    59.5238
227.108	    57.9151
228.144	    58.3658
229.172	    61.7284
230.144	    68.8073
231.016	    66.3717
231.920	    62.5000
232.880	    66.3717
233.784	    60.2410
234.780	    60.9756
235.764	    62.7615
236.720	    68.1818
237.600	    62.2407
238.564	    59.2885
239.576	    57.4713
240.620	    58.5937
241.644	    63.5593
242.588	    62.5000
243.548	    62.7615
244.504	    61.4754
245.480	    64.9351
246.404	    66.9643
247.300	    64.3777
248.232	    60.7287
249.220	    60.9756
250.204	    62.7615
251.160	    61.4754
252.136	    61.2245
253.116	    63.5593
254.060	    64.6552
254.988	    68.4931
255.864	    65.7895
256.776	    65.2174
257.696	    67.8733
258.580	    66.9643
259.476	    62.5000
260.436	    59.2885
261.448	    60.4839
262.440	    63.0252
263.392	    60.0000
264.392	    62.7615
265.348	    66.6667
266.248	    67.8733
267.132	    65.5022
268.048	    61.4754
269.024	    62.2407
269.988	    66.0793
270.896	    67.8733
271.780	    63.8298
272.720	    62.2407
273.684	    66.0793
274.592	    66.3717
275.496	    64.1026
276.432	    61.7284
277.404	    62.5000
278.364	    66.9643
279.260	    66.6667
280.160	    65.7895
281.072	    62.5000
282.032	    59.2885
283.044	    65.7895
283.956	    62.2407
284.920	    60.9756
285.904	    59.2885
286.916	    62.2407
287.880	    63.0252
288.832	    61.2245
289.812	    59.7610
290.816	    64.9351
291.740	    61.7284
292.712	    60.9756
293.696	    63.0252
294.648	    64.3777
295.580	    61.4754
296.556	    57.6923
297.596	    56.8182
298.652	    60.0000
299.652	    64.9351
300.576	    62.2407
301.540	    61.7284
302.512	    61.4754
303.488	    66.3717
304.392	    62.2407
305.356	    60.0000
306.356	    59.2885
307.368	    60.7287
308.356	    61.7284
309.328	    60.7287
310.316	    61.4754
311.292	    66.0793
312.200	    65.5022
313.116	    60.9756
314.100	    60.2410
315.096	    64.6552
316.024	    63.0252
316.976	    60.7287
317.964	    61.7284
318.936	    66.6667
319.836	    61.7284
320.808	    57.4713
321.852	    55.9701
322.924	    57.4713
323.968	    59.7610
324.972	    61.4754
325.948	    60.9756
326.932	    61.9835
327.900	    63.8298
328.840	    65.5022
329.756	    61.4754
330.732	    56.1798
331.800	    55.5556
332.880	    59.5238
333.888	    57.2519
334.936	    59.7610
335.940	    63.8298
336.880	    61.2245
337.860	    58.1395
338.892	    58.3658
339.920	    58.3658
340.948	    56.6038
342.008	    60.2410
343.004	    59.5238
344.012	    61.4754
344.988	    62.2407
345.952	    57.9151
346.988	    54.3478
348.092	    52.6316
349.232	    59.5238
350.240	    58.8235
351.260	    58.3658
352.288	    65.2174
353.208	    60.9756
354.192	    56.8182
355.248	    57.0342
356.300	    59.7610
357.304	    55.9701
358.376	    55.1471
359.464	    57.6923
360.504	    68.1818
361.384	    69.4444
362.248	    68.1818
363.128	    66.6667
364.028	    64.6552
364.956	    69.1244
365.824	    63.8298
366.764	    60.9756
367.748	    65.2174
368.668	    64.9351
369.592	    62.5000
370.552	    65.2174
371.472	    67.5676
372.360	    72.1154
373.192	    70.7547
374.040	    69.1244
374.908	    66.3717
375.812	    61.4754
376.788	    62.5000
377.748	    63.8298
378.688	    63.2911
379.636	    61.9835
380.604	    64.6552
381.532	    68.4931
382.408	    62.7615
383.364	    59.5238
384.372	    60.4839
385.364	    63.2911
386.312	    59.2885
387.324	    58.3658
388.352	    60.2410
389.348	    63.8298
390.288	    61.9835
391.256	    60.2410
392.252	    59.0551
393.268	    63.0252
394.220	    60.4839
395.212	    57.6923
396.252	    58.8235
397.272	    60.0000
398.272	    57.4713
399.316	    57.4713
400.360	    59.7610
401.364	    64.9351
402.288	    66.6667
403.188	    63.2911
404.136	    57.9151
405.172	    60.4839
406.164	    65.7895
407.076	    60.9756
408.060	    58.5937
409.084	    60.0000
410.084	    63.0252
411.036	    60.4839
412.028	    59.5238
413.036	    61.7284
414.008	    65.2174
414.928	    62.2407
415.892	    58.8235
416.912	    57.9151
417.948	    59.5238
418.956	    58.1395
419.988	    56.6038
421.048	    59.0551
422.064	    61.4754
423.040	    59.0551
424.056	    58.1395
425.088	    60.9756
426.072	    59.7610
427.076	    58.8235
428.096	    58.5937
429.120	    59.7610
430.124	    64.6552
431.052	    60.0000
432.052	    58.1395
433.084	    57.0342
434.136	    59.7610
435.140	    64.3777
436.072	    61.7284
437.044	    59.5238
438.052	    64.1026
438.988	    60.7287
439.976	    61.9835
440.944	    63.2911
441.892	    64.3777
442.824	    71.4286
443.664	    71.0900
444.508	    69.7674
445.368	    67.8733
446.252	    69.7674
447.112	    76.1421
447.900	    74.2574
448.708	    75.3769
449.504	    75.7576
450.296	    78.5340
451.060	    84.7458
451.768	    81.0811
452.508	    80.6452
453.252	    72.1154
454.084	    70.7547
454.932	    65.2174
455.852	    57.0342
456.904	    55.9701
457.976	    62.7615
458.932	    62.7615
459.888	    59.7610
460.892	    59.2885
461.904	    60.7287
462.892	    64.3777
463.824	    61.7284
464.796	    60.9756
465.780	    60.7287
466.768	    64.3777
467.700	    59.7610
468.704	    56.6038
469.764	    53.9568
470.876	    58.8235
471.896	    60.0000
472.896	    57.2519
473.944	    56.8182
475.000	    62.7615
475.956	    61.7284
476.928	    61.2245
477.908	    64.1026
478.844	    70.4225
479.696	    68.1818
480.576	    64.1026
481.512	    60.0000
482.512	    60.2410
483.508	    68.4931
484.384	    69.1244
485.252	    67.8733
486.136	    66.0793
487.044	    67.8733
487.928	    65.5022
488.844	    69.4444
489.708	    75.3769
490.504	    73.8916
491.316	    72.8155
492.140	    67.5676
493.028	    61.9835
493.996	    60.0000
494.996	    60.0000
495.996	    62.5000
496.956	    59.7610
497.960	    59.2885
498.972	    60.2410
499.968	    65.2174
500.888	    66.0793
501.796	    62.7615
502.752	    59.0551
503.768	    60.2410
504.764	    65.2174
505.684	    59.5238
506.692	    56.1798
507.760	    54.5455
508.860	    63.0252
509.812	    61.2245
510.792	    61.2245
511.772	    63.5593
512.716	    67.5676
513.604	    66.3717
514.508	    66.3717
515.412	    66.9643
516.308	    70.7547
517.156	    66.3717
518.060	    61.4754
519.036	    61.4754
520.012	    63.5593
520.956	    60.9756
521.940	    69.7674
522.800	    67.8733
523.684	    66.0793
524.592	    68.8073
525.464	    62.5000
526.424	    58.5937
527.448	    57.6923
528.488	    62.2407
529.452	    62.5000
530.412	    56.6038
531.472	    57.4713
532.516	    63.5593
533.460	    60.2410
534.456	    59.7610
535.460	    59.0551
536.476	    64.9351
537.400	    61.9835
538.368	    59.5238
539.376	    57.0342
540.428	    61.2245
541.408	    60.7287
542.396	    63.2911
543.344	    63.2911
544.292	    63.0252
545.244	    70.7547
546.092	    73.8916
546.904	    74.2574
547.712	    73.8916
548.524	    76.9231
549.304	    77.7202
550.076	    81.0811
550.816	    78.1250
551.584	    73.8916
552.396	    69.1244
553.264	    66.9643
554.160	    73.5294
554.976	    66.0793
555.884	    59.5238
556.892	    63.8298
557.832	    62.5000
558.792	    59.0551
559.808	    58.3658
560.836	    66.6667
561.736	    72.1154
562.568	    73.5294
563.384	    74.6269
564.188	    74.6269
564.992	    74.6269
565.796	    80.2139
566.544	    73.1707
567.364	    68.4931
568.240	    72.1154
569.072	    68.1818
569.952	    64.9351
570.876	    63.5593
571.820	    62.7615
572.776	    60.7287
573.764	    66.0793
574.672	    71.4286
575.512	    66.0793
576.420	    60.0000
577.420	    62.5000
578.380	    60.4839
579.372	    60.2410
580.368	    64.6552
581.296	    74.2574
582.104	    70.7547
582.952	    61.9835
583.920	    54.9451
585.012	    54.3478
586.116	    57.4713
587.160	    56.6038
588.220	    60.0000
589.220	    56.3910
590.284	    59.2885
591.296	    57.9151
592.332	    56.8182
593.388	    58.1395
594.420	    58.1395
595.452	    59.5238
596.460	    61.2245
597.440	    57.6923
598.480	    59.2885
